>MA0001.1 AGL3
0	3	79	40	66	48	65	11	65	0
94	75	4	3	1	2	5	2	3	3
1	0	3	4	1	0	5	3	28	88
2	19	11	50	29	47	22	81	1	6
>MA0002.1 RUNX1
10	12	4	1	2	2	0	0	0	8	13
2	2	7	1	0	8	0	0	1	2	2
3	1	1	0	23	0	26	26	0	0	4
11	11	14	24	1	16	0	0	25	16	7
>MA0003.1 TFAP2A
0	0	0	22	19	55	53	19	9
0	185	185	71	57	44	30	16	78
185	0	0	46	61	67	91	137	79
0	0	0	46	48	19	11	13	19
>MA0004.1 Arnt
4	19	0	0	0	0
16	0	20	0	0	0
0	1	0	20	0	20
0	0	0	0	20	0
>MA0005.1 AG
0	2	38	61	73	31	23	20	22	1	27
87	86	9	5	1	3	16	13	0	0	25
2	0	7	2	1	4	17	26	64	82	9
1	2	36	22	15	52	34	31	4	7	29
>MA0006.1 Arnt::Ahr
3	0	0	0	0	0
8	0	23	0	0	0
2	23	0	23	0	24
11	1	1	1	24	0
>MA0007.1 Ar
9	9	11	16	0	12	21	0	15	4	5	6	3	0	4	11	1	3	6	6	10	5
7	2	3	1	0	6	2	24	0	9	11	9	5	0	0	5	22	16	7	5	11	11
2	3	3	7	22	1	0	0	8	2	2	9	1	24	0	1	1	1	5	9	0	6
6	10	7	0	2	5	1	0	1	9	6	0	15	0	20	7	0	4	6	4	3	2
>MA0008.1 HAT5
3	21	25	0	0	24	1	0
13	1	0	0	5	0	0	0
4	0	0	0	0	1	0	2
5	3	0	25	20	0	24	23
>MA0009.1 T
2	1	40	0	0	0	0	0	1	40	31
28	1	0	0	0	0	0	2	7	0	5
8	0	0	40	40	0	40	0	28	0	0
2	38	0	0	0	40	0	38	4	0	4
>MA0010.1 br_Z1
3	1	5	7	3	6	4	7	1	9	8	5	4	2
1	1	2	0	0	0	1	0	8	0	0	0	0	3
4	1	1	1	0	0	4	1	0	0	1	3	0	2
1	6	1	1	6	3	0	1	0	0	0	1	5	2
>MA0011.1 br_Z2
3	5	0	0	12	1	2	1
1	2	10	1	0	1	0	2
1	1	0	0	0	2	1	1
7	4	2	11	0	8	9	8
>MA0012.1 br_Z3
3	9	10	12	0	4	10	6	6	4	2
1	2	0	0	10	0	0	0	1	3	3
1	1	0	0	1	0	0	4	2	2	5
7	0	2	0	1	8	2	2	3	3	2
>MA0013.1 br_Z4
1	4	2	1	5	6	5	1	3	5	3
1	0	0	0	0	0	0	3	0	0	1
0	0	4	0	1	0	1	1	1	0	0
4	2	0	5	0	0	0	1	2	1	2
>MA0014.1 Pax5
4	4	4	1	2	7	2	0	1	6	6	0	2	3	1	6	5	2	2	5
1	0	3	2	7	2	5	3	2	1	0	0	8	0	0	1	1	10	5	0
4	8	3	5	1	1	3	2	8	3	2	12	1	9	4	5	5	0	5	6
3	0	2	4	2	2	2	7	1	2	4	0	1	0	7	0	1	0	0	1
>MA0015.1 Cf2_II
25	1	74	0	78	1	41	2	53	12
13	2	2	9	2	4	2	9	3	29
40	1	4	4	0	1	36	1	20	15
2	76	0	67	0	74	1	68	4	24
>MA0016.1 usp
0	1	0	0	0	0	35	5	5	6
1	0	0	0	0	36	0	25	8	10
37	36	38	38	0	1	3	3	22	16
0	1	0	0	38	1	0	5	3	6
>MA0017.1 NR2F1
0	1	12	6	0	0	0	1	2	6	6	1	3	0
0	0	0	7	13	3	2	0	0	4	5	10	6	3
2	12	1	0	0	0	0	0	11	3	1	1	0	3
11	0	0	0	0	10	11	12	0	0	1	1	4	7
>MA0018.1 CREB1
0	3	0	2	5	0	0	16	0	0	1	5
7	5	3	3	1	0	0	0	16	0	5	6
5	4	6	11	7	0	15	0	0	16	0	3
4	4	7	0	3	16	1	0	0	0	10	2
>MA0019.1 Ddit3::Cebpa
14	11	18	0	0	4	38	36	0	14	4	0
7	7	3	1	0	33	1	2	6	17	23	26
12	14	15	0	38	0	0	1	0	5	9	6
6	7	3	38	1	2	0	0	33	3	3	7
>MA0020.1 Dof2
21	21	21	0	3	7
0	0	0	0	14	6
0	0	0	21	2	3
0	0	0	0	2	5
>MA0021.1 Dof3
21	21	21	0	0	6
0	0	0	0	10	6
0	0	0	21	3	9
0	0	0	0	8	0
>MA0022.1 dl_1
0	0	0	0	1	1	1	0	0	1	1	3
5	0	1	0	1	0	0	0	3	9	9	5
6	12	11	10	3	2	0	0	0	0	1	5
2	1	1	3	8	10	12	13	10	3	2	0
>MA0023.1 dl_2
0	0	0	0	4	2	0	0	0	1
1	0	0	0	1	1	0	1	9	8
7	7	9	8	0	0	0	0	0	0
1	2	0	1	4	6	9	8	0	0
>MA0024.1 E2F1
0	0	0	0	0	0	0	0
0	0	0	4	2	10	0	9
0	0	0	6	8	0	10	1
10	10	10	0	0	0	0	0
>MA0025.1 NFIL3
1	0	22	0	2	0	23	22	0	7	5
0	0	0	8	0	0	0	0	11	5	5
0	2	0	0	21	0	0	1	4	7	3
22	21	1	15	0	23	0	0	8	4	10
>MA0026.1 Eip74EF
2	5	0	0	17	17	5
12	12	0	0	0	0	1
2	0	17	17	0	0	10
1	0	0	0	0	0	1
>MA0027.1 En1
4	5	3	0	4	3	3	2	1	1	1
1	2	0	0	0	0	0	1	3	4	6
2	2	7	2	3	7	0	4	3	1	1
3	1	0	8	3	0	7	3	3	4	2
>MA0028.1 ELK1
7	10	9	5	2	0	1	27	21	13
7	6	4	19	24	0	0	0	5	0
10	6	10	1	1	24	27	1	0	14
4	6	5	3	1	4	0	0	2	1
>MA0029.1 Evi1
14	20	0	27	1	27	26	0	27	0	24	23	6	15
2	1	1	0	10	0	0	0	0	3	1	0	7	6
6	2	25	0	0	0	1	27	0	0	0	4	7	3
5	4	1	0	16	0	0	0	0	24	2	0	7	3
>MA0030.1 FOXF2
1	10	17	13	3	7	0	27	27	27	0	27	16	7
10	7	4	5	11	0	0	0	0	0	25	0	4	4
7	5	2	5	8	20	0	0	0	0	0	0	2	6
9	5	4	5	0	0	27	0	0	0	2	0	5	10
>MA0031.1 FOXD1
1	0	19	20	18	1	20	7
1	0	1	0	1	18	0	2
17	0	0	0	1	0	0	3
1	20	0	0	0	1	0	8
>MA0032.1 FOXC1
4	2	4	6	7	0	0	16
4	5	4	4	3	0	0	0
5	6	3	5	2	16	0	0
3	3	5	1	4	0	16	0
>MA0033.1 FOXL1
7	10	6	13	4	21	0	22
1	4	3	4	10	0	2	1
4	2	6	4	2	2	0	0
11	7	8	2	7	0	21	0
>MA0034.1 Gamyb
4	10	3	23	25	1	3	6	10	5
6	5	13	1	0	24	14	0	11	19
11	7	0	1	0	0	6	19	0	1
4	3	9	0	0	0	2	0	4	0
>MA0035.1 Gata1
13	0	50	1	13	6
14	0	2	0	6	16
15	53	0	1	25	22
11	0	1	51	9	9
>MA0036.1 GATA2
13	0	52	0	25
13	5	0	0	7
18	48	1	0	15
9	0	0	53	6
>MA0037.1 GATA3
25	0	61	0	39	15
14	1	0	0	1	3
4	62	1	5	4	37
20	0	1	58	19	8
>MA0038.1 Gfi
9	28	53	53	1	1	31	8	19	7
20	16	0	0	0	52	7	28	11	13
9	7	0	0	1	0	2	11	2	28
15	2	0	0	51	0	13	6	21	5
>MA0039.1 Klf4
18	33	30	23	13	20	36	32	13	2
9	0	3	1	6	4	4	2	1	1
2	13	15	19	29	23	5	13	33	46
20	3	1	6	1	2	4	2	2	0
>MA0040.1 Foxq1
4	13	5	3	0	0	0	0	17	0	6
4	1	2	0	0	0	0	0	0	1	0
3	3	0	0	18	0	0	0	1	4	3
7	1	11	15	0	18	18	18	0	13	9
>MA0041.1 Foxd3
11	30	24	1	12	0	1	5	14	6	1	0
3	2	1	4	0	0	0	0	0	7	2	12
26	0	0	0	34	0	0	10	21	0	4	0
7	15	22	42	1	47	46	32	12	34	40	35
>MA0042.1 FOXI1
6	4	11	0	13	0	0	0	15	0	8	2
1	8	4	0	0	0	0	0	0	0	1	1
14	12	8	0	18	0	0	0	16	7	4	4
10	7	8	31	0	31	31	31	0	24	18	24
>MA0043.1 HLF
1	6	1	0	13	0	6	0	13	15	2	5
4	0	0	0	1	15	0	9	4	0	3	5
8	12	0	3	2	1	12	0	1	1	1	3
5	0	17	15	2	2	0	9	0	2	12	5
>MA0044.1 HMG-1
0	0	0	0	0	6	3	0	0
5	0	4	2	1	1	5	1	8
8	3	0	10	0	3	0	2	1
0	10	9	1	12	3	5	10	4
>MA0045.1 HMG-I/Y
3	7	9	3	11	11	11	3	4	3	8	8	9	9	11	2
5	0	1	6	0	0	0	3	1	4	5	1	0	5	0	7
4	3	1	4	3	2	2	2	8	6	1	4	2	0	3	0
2	4	3	1	0	1	1	6	1	1	0	1	3	0	0	5
>MA0046.1 HNF1A
5	1	1	1	20	16	1	8	14	2	0	13	8	5
0	0	0	0	0	2	0	2	0	0	4	1	8	13
14	20	0	0	0	1	0	4	1	0	0	3	3	0
2	0	20	20	1	2	20	7	6	19	17	4	2	3
>MA0047.1 Foxa2
6	11	8	0	11	0	0	0	9	0	1	0
7	3	3	1	0	1	1	0	0	9	1	5
3	1	1	0	6	0	0	6	8	0	1	0
1	2	5	16	0	16	16	11	0	8	14	12
>MA0048.1 NHLH1
13	13	3	1	54	1	1	1	0	3	2	5
13	39	5	53	0	1	50	1	0	37	0	17
17	2	37	0	0	52	3	0	53	8	37	12
11	0	9	0	0	0	0	52	1	6	15	20
>MA0049.1 hb
1	6	9	4	13	16	16	14	15	9
5	8	3	3	1	0	0	0	1	2
8	2	4	1	0	0	0	2	0	2
2	0	0	8	2	0	0	0	0	3
>MA0050.1 IRF1
6	19	19	20	5	0	1	20	19	20	1	1
4	0	0	0	3	10	1	0	1	0	13	13
10	1	0	0	11	0	18	0	0	0	6	1
0	0	1	0	1	10	0	0	0	0	0	5
>MA0051.1 IRF2
0	2	12	11	12	2	0	0	12	12	12	0	0	5	6	6	5	3
4	0	0	0	0	0	6	0	0	0	0	6	7	2	0	1	2	6
7	10	0	0	0	10	0	12	0	0	0	6	2	3	2	1	1	1
1	0	0	1	0	0	6	0	0	0	0	0	3	2	4	4	4	2
>MA0052.1 MEF2A
1	0	57	2	9	6	37	2	56	6
50	0	1	1	0	0	0	0	0	0
0	0	0	0	0	0	0	0	2	50
7	58	0	55	49	52	21	56	0	2
>MA0053.1 MNB1A
15	15	15	0	3
0	0	0	0	9
0	0	0	15	0
0	0	0	0	3
>MA0054.1 myb.Ph3
19	64	63	4	10	10	13	3	28
3	1	0	62	27	2	8	17	1
2	2	2	3	16	53	0	1	0
46	3	5	1	17	5	49	49	41
>MA0055.1 Myf
7	9	4	0	16	7	0	6	0	0	6	0
8	0	2	15	0	0	15	0	0	10	0	0
1	7	10	1	0	9	1	0	16	6	0	16
0	0	0	0	0	0	0	10	0	0	10	0
>MA0056.1 MZF1_1-4
3	0	2	0	0	18
5	0	0	0	0	0
4	19	18	19	20	2
8	1	0	1	0	0
>MA0057.1 MZF1_5-13
1	2	15	0	0	0	0	3	10	8
4	0	1	0	0	2	0	1	0	2
7	7	0	11	15	14	14	8	4	4
4	7	0	5	1	0	2	4	2	2
>MA0058.1 MAX
6	11	5	0	16	0	1	0	0	6
1	1	7	17	1	17	0	0	0	3
6	5	1	0	0	0	16	0	17	5
4	0	4	0	0	0	0	17	0	3
>MA0059.1 MYC::MAX
7	15	2	1	21	0	1	0	0	1	3
1	1	9	20	0	20	0	1	0	1	5
9	4	9	0	0	0	20	0	21	18	0
4	1	1	0	0	1	0	20	0	1	13
>MA0060.1 NFYA
34	16	7	58	51	0	2	112	116	0	14	66	13	39	36	25
37	33	51	14	4	116	113	0	0	1	65	6	20	43	9	35
27	26	25	41	56	0	1	1	0	0	33	42	73	22	47	29
18	41	33	3	5	0	0	3	0	115	4	2	10	12	24	27
>MA0061.1 NF-kappaB
0	0	1	25	19	7	1	2	2	0
0	0	0	0	13	1	2	17	35	36
38	38	37	13	1	3	2	0	0	0
0	0	0	0	5	27	33	19	1	2
>MA0062.1 GABPA
5	1	1	0	0	7	7	0	3	0
1	5	6	0	0	0	0	0	1	2
1	1	0	7	7	0	0	7	1	4
0	0	0	0	0	0	0	0	2	1
>MA0063.1 Nkx2-5
7	0	17	17	0	4	2
0	4	0	0	0	2	1
1	0	0	0	7	0	11
9	13	0	0	10	11	3
>MA0064.1 PBF
16	16	16	0	1
0	0	0	0	9
0	0	0	16	1
0	0	0	0	5
>MA0065.1 PPARG::RXRA
10	7	19	13	17	0	0	0	2	41	41	39	0	0	0	2	38	10	13	7
12	13	4	1	0	0	0	2	37	0	0	0	0	0	2	36	1	12	15	10
7	8	6	27	24	41	39	0	2	0	0	2	41	39	0	1	2	4	9	12
12	13	12	0	0	0	2	39	0	0	0	0	0	2	39	2	0	15	4	12
>MA0066.1 PPARG
3	3	19	0	1	0	2	26	5	5	4	1	2	22	1	0	3	22	5	7
8	0	0	1	0	1	23	1	15	7	2	0	5	5	27	25	12	5	12	0
14	0	9	27	26	4	3	0	4	10	18	2	20	0	0	0	0	0	6	1
3	25	0	0	1	23	0	1	4	6	4	25	1	1	0	3	13	1	5	20
>MA0067.1 Pax2
10	7	3	0	26	2	2	1
7	1	2	28	1	17	0	11
5	21	0	1	3	1	19	11
9	2	26	2	1	11	10	8
>MA0068.1 Pax4
7	20	16	11	13	11	6	9	5	5	6	7	8	6	10	4	3	7	4	9	5	5	7	6	3	7	3	1	6	3
2	0	2	1	1	3	1	1	3	11	11	7	7	5	5	8	6	8	9	6	7	6	11	9	12	9	12	11	11	13
11	1	1	1	3	1	2	1	6	1	4	5	2	1	4	4	4	3	3	2	5	2	0	1	2	2	2	3	1	2
1	0	2	8	4	6	12	10	7	4	0	2	4	9	2	5	8	3	5	4	4	8	3	5	4	3	4	6	3	3
>MA0069.1 Pax6
2	2	4	39	3	1	1	21	1	2	36	11	1	1
4	2	26	2	34	0	37	2	4	14	0	11	5	0
4	0	1	1	1	41	4	2	1	25	6	13	3	17
33	39	12	1	5	1	1	18	37	2	1	8	34	25
>MA0070.1 PBX1
5	3	16	1	0	17	17	0	0	16	12	8
6	9	1	1	18	1	0	0	18	1	0	2
2	3	1	0	0	0	0	1	0	0	1	2
5	3	0	16	0	0	1	17	0	1	5	6
>MA0071.1 RORA_1
15	9	6	11	21	0	0	0	0	25
1	1	12	2	0	0	0	0	25	0
2	0	4	5	4	25	25	0	0	0
7	15	3	7	0	0	0	25	0	0
>MA0072.1 RORA_2
9	17	15	35	23	2	0	28	0	0	0	0	36	15
8	2	0	1	0	12	0	0	0	0	0	36	0	6
8	7	3	0	0	13	0	8	36	36	0	0	0	10
11	10	18	0	13	9	36	0	0	0	36	0	0	5
>MA0073.1 RREB1
3	1	3	0	7	9	8	4	0	11	4	1	3	4	2	4	4	4	1	4
8	10	8	11	4	2	3	6	11	0	7	10	8	6	9	5	5	6	7	4
0	0	0	0	0	0	0	0	0	0	0	0	0	1	0	0	1	0	3	2
0	0	0	0	0	0	0	1	0	0	0	0	0	0	0	2	1	1	0	1
>MA0074.1 RXRA::VDR
3	0	0	0	0	9	4	2	2	5	0	0	1	0	7
0	0	0	0	9	0	2	4	0	0	0	0	0	9	1
7	10	9	0	0	1	0	2	8	5	10	0	0	0	2
0	0	1	10	1	0	4	2	0	0	0	10	9	1	0
>MA0075.1 Prrx2
52	59	0	0	58
2	0	0	0	0
4	0	1	0	1
1	0	58	59	0
>MA0076.1 ELK4
16	0	0	0	0	20	16	4	1
1	20	20	0	0	0	0	1	6
2	0	0	20	20	0	0	15	0
1	0	0	0	0	0	4	0	13
>MA0077.1 SOX9
24	54	59	0	65	71	4	24	9
7	6	4	72	4	2	0	6	9
31	7	0	2	0	1	1	38	55
14	9	13	2	7	2	71	8	3
>MA0078.1 Sox17
7	8	3	30	0	0	0	0	0
9	8	18	0	1	0	0	0	17
6	4	1	0	0	0	31	2	10
9	11	9	1	30	31	0	29	4
>MA0079.1 SP1
1	2	0	0	0	2	0	0	1	2
1	1	0	0	5	0	1	0	1	0
4	4	8	8	2	4	5	6	6	0
2	1	0	0	1	2	2	2	0	6
>MA0080.1 SPI1
14	4	3	56	56	3
21	2	0	1	0	18
19	48	52	0	0	34
3	3	2	0	1	2
>MA0081.1 SPIB
31	4	24	2	1	48	47
0	14	16	0	0	0	0
0	29	7	47	47	0	0
18	2	2	0	1	1	2
>MA0082.1 squamosa
11	0	24	16	23	17	24	8	14	1	14	25	21	7
14	22	0	2	0	0	1	0	1	1	5	5	2	5
1	0	4	1	0	0	0	1	15	28	1	0	3	8
4	8	2	11	7	13	5	21	0	0	10	0	4	10
>MA0083.1 SRF
2	9	0	1	32	3	46	1	43	15	2	2
1	33	45	45	1	1	0	0	0	1	0	1
39	2	1	0	0	0	0	0	0	0	44	43
4	2	0	0	13	42	0	45	3	30	0	0
>MA0084.1 SRY
5	8	15	18	25	0	28	27	7
5	3	0	3	0	26	0	0	0
10	4	3	3	0	0	0	1	2
8	13	10	4	3	2	0	0	19
>MA0085.1 Su(H)
1	0	0	0	0	3	0	10	10	5	1	1	4	3	4	2
3	4	0	0	0	0	0	0	0	5	7	2	2	1	3	1
3	0	10	0	10	7	10	0	0	0	1	4	2	4	2	2
3	6	0	10	0	0	0	0	0	0	1	3	2	2	1	5
>MA0086.1 sna
0	39	3	2	0	0
39	0	0	0	0	0
1	0	37	38	0	38
0	1	0	0	40	2
>MA0087.1 Sox5
8	21	22	0	23	22	0
4	0	0	22	0	1	0
3	1	1	0	0	0	0
8	1	0	1	0	0	23
>MA0088.1 znf143
0	6	2	0	2	1	0	0	9	0	4	6	0	0	0	4	3	2	1	3
3	2	3	3	1	7	10	10	1	1	4	2	0	1	10	5	1	3	1	6
4	1	1	2	0	0	0	0	0	4	2	2	1	6	0	0	1	0	7	1
3	1	4	5	7	2	0	0	0	5	0	0	9	3	0	1	5	5	1	0
>MA0089.1 NFE2L1::MafG
7	29	0	1	34	0
11	2	0	0	0	26
10	3	0	32	0	2
6	0	34	1	0	6
>MA0090.1 TEAD1
1	9	0	12	0	0	0	0	5	1	2	0
6	0	12	0	0	0	12	11	0	7	4	2
1	3	0	0	0	0	0	0	0	4	3	8
4	0	0	0	12	12	0	1	7	0	3	2
>MA0091.1 TAL1::TCF3
13	9	39	20	0	44	0	12	0	0	0	4
14	10	0	24	43	0	1	32	0	0	3	4
8	20	3	0	1	0	11	0	0	43	20	2
9	5	2	0	0	0	32	0	44	1	21	34
>MA0092.1 Hand1::Tcfe2a
4	10	2	0	0	0	0	9	16	5
8	0	2	28	0	0	3	14	0	4
10	15	1	0	0	29	25	1	3	4
7	4	24	1	29	0	1	5	10	16
>MA0093.1 USF1
0	30	0	1	0	0	9
30	0	28	0	1	0	2
0	0	0	29	1	30	14
0	0	2	0	28	0	5
>MA0094.1 Ubx
3	72	79	1
0	4	1	5
0	3	6	4
85	9	2	78
>MA0095.1 YY1
6	0	0	17	0	3
1	16	17	0	0	8
7	0	0	0	0	3
3	1	0	0	17	3
>MA0096.1 bZIP910
15	0	0	35	0	0	0
15	0	0	0	35	0	0
5	0	35	0	0	35	0
0	35	0	0	0	0	35
>MA0097.1 bZIP911
1	17	0	0	33	0	0	0	0	1	11	1
0	0	0	0	0	33	0	0	1	0	20	32
31	16	0	33	0	0	33	0	32	22	1	0
1	0	33	0	0	0	0	33	0	10	1	0
>MA0098.1 ETS1
4	17	0	0	0	5
16	0	1	39	39	3
4	0	0	1	0	17
16	23	39	0	1	15
>MA0099.1 Fos
5	0	0	18	1	1	6	18
2	0	1	1	6	1	13	0
12	0	18	0	9	0	0	0
0	19	0	0	3	17	0	1
>MA0100.1 Myb
8	22	2	16	1	2	0	6
4	1	48	17	0	1	0	0
34	25	1	16	50	0	0	44
5	3	0	2	0	48	51	1
>MA0101.1 REL
0	0	1	5	6	5	1	2	0	1
5	1	0	1	5	1	0	0	15	16
8	15	15	9	3	1	0	0	0	0
4	1	1	2	3	10	16	15	2	0
>MA0102.1 Cebpa
3	1	4	2	4	2	18	18	0	5	2	1
0	1	1	9	2	15	0	0	6	6	5	6
0	4	6	2	10	0	0	0	2	5	3	5
15	12	7	5	2	1	0	0	10	2	8	6
>MA0103.1 ZEB1
1	38	0	0	0	10
34	0	40	38	1	1
1	2	1	3	0	16
5	1	0	0	40	14
>MA0104.1 Mycn
0	29	0	2	0	0
31	0	30	1	3	0
0	0	0	28	0	31
0	2	1	0	28	0
>MA0105.1 NFKB1
0	0	0	2	11	5	0	0	0	0	1
0	0	0	0	1	0	5	13	17	18	15
18	18	18	16	6	2	2	0	0	0	1
0	0	0	0	0	11	11	5	1	0	1
>MA0106.1 TP53
5	3	4	5	13	0	17	0	0	0	0	0	1	1	4	1	15	2	1	1
8	7	0	0	0	17	0	0	0	11	16	16	0	0	0	14	0	0	1	2
2	6	13	12	4	0	0	0	17	0	0	0	15	14	13	2	0	0	14	1
2	1	0	0	0	0	0	17	0	6	1	1	1	2	0	0	2	15	1	13
>MA0107.1 RELA
0	0	0	11	10	2	0	0	0	0
4	0	0	0	3	0	0	2	18	18
11	17	18	7	4	0	0	0	0	0
3	1	0	0	1	16	18	16	0	0
>MA0108.1 TBP
61	16	352	3	354	268	360	222	155	56	83	82	82	68	77
145	46	0	10	0	0	3	2	44	135	147	127	118	107	101
152	18	2	2	5	0	10	44	157	150	128	128	128	139	140
31	309	35	374	30	121	6	121	33	48	31	52	61	75	71
>MA0108.2 TBP
61	16	352	3	354	268	360	222	155	56	83	82	82	68	77
145	46	0	10	0	0	3	2	44	135	147	127	118	107	101
152	18	2	2	5	0	20	44	157	150	128	128	128	139	140
31	309	35	374	30	121	6	121	33	48	31	52	61	75	71
>MA0109.1 Hltf
16	20	26	0	25	0	24	0	15	12
10	12	33	59	0	0	5	0	14	12
12	5	0	0	0	0	12	22	14	10
13	16	0	0	34	59	18	37	8	15
>MA0110.1 ATHB-5
3	1	30	37	0	2	37	0	0
19	29	6	0	0	5	0	0	0
9	4	0	0	0	10	0	0	0
6	3	1	0	37	20	0	37	37
>MA0111.1 Spz1
9	0	2	0	1	8	6	1	10	0	2
0	2	0	0	0	0	0	9	0	1	8
3	9	10	11	1	0	2	2	2	9	2
0	1	0	1	10	4	4	0	0	2	0
>MA0112.1 ESR1
1	1	7	2	0	0	0	6	1	2	3	1	1	5	0	0	2	3
5	5	1	0	0	0	7	0	7	5	2	1	0	1	8	9	4	4
1	1	1	7	9	0	2	2	1	1	4	1	8	3	0	0	0	1
2	2	0	0	0	9	0	1	0	1	0	6	0	0	1	0	3	1
>MA0113.1 NR3C1
3	4	3	7	6	1	8	2	3	5	1	0	1	2	0	1	4	3
2	0	0	0	1	6	0	0	2	3	3	0	0	4	8	2	0	1
4	5	6	1	1	2	1	2	0	0	0	8	0	0	1	1	4	2
0	0	0	1	1	0	0	5	4	1	5	1	8	3	0	5	1	3
>MA0114.1 HNF4A
28	2	12	5	3	59	53	56	4	6	3	4	42
7	2	4	23	51	1	2	1	4	2	22	49	7
27	56	35	20	4	3	10	8	58	33	11	5	10
5	7	16	19	9	4	2	2	1	26	31	9	8
>MA0115.1 NR1H2::RXRA
17	17	20	0	0	0	0	25	24	25	0	0	0	0	25	20	0
5	1	0	0	0	0	25	0	0	0	0	0	0	25	0	1	15
0	5	5	25	24	0	0	0	0	0	25	25	0	0	0	2	6
3	2	0	0	1	25	0	0	1	0	0	0	25	0	0	2	4
>MA0116.1 Zfp423
7	0	16	17	0	0	1	24	13	0	0	0	0	0	11
4	16	17	16	33	33	17	0	0	0	0	0	0	8	22
22	17	0	0	0	0	0	0	16	33	33	17	16	16	0
0	0	0	0	0	0	15	9	4	0	0	16	17	9	0
>MA0117.1 Mafb
0	1	0	1	12	3	3	2
0	12	3	0	2	8	1	5
15	1	1	12	0	1	7	5
0	1	11	2	1	3	4	3
>MA0118.1 Macho-1
5	9	0	0	3	0	5	5	13
15	2	0	0	4	0	7	14	14
6	23	42	42	23	42	15	4	10
16	8	0	0	12	0	15	19	5
>MA0119.1 TLX1::NFIC
0	0	0	0	14	2	2	7	4	0	0	0	16	14
0	0	0	16	1	8	8	1	3	0	16	16	0	0
0	16	16	0	0	5	4	5	2	16	0	0	0	1
16	0	0	0	1	1	2	3	7	0	0	0	0	1
>MA0120.1 id1
1	3	1	0	0	2	3	1	8	0	0	2
1	3	2	9	13	11	8	1	5	6	17	0
2	4	9	3	4	4	2	1	1	7	0	18
20	14	12	12	7	7	11	21	10	11	7	4
>MA0121.1 ARR10
14	0	14	0	4	1	0	3
1	0	0	0	6	8	0	6
0	15	1	0	0	0	9	4
0	0	0	15	5	6	6	2
>MA0122.1 Nkx3-2
4	1	13	24	0	0	6	4	9
7	4	1	0	0	0	0	6	7
4	5	7	0	24	0	18	12	5
9	14	3	0	0	24	0	2	3
>MA0123.1 abi4
0	12	0	0	1	0	5	3	3	4
49	0	20	23	3	45	28	25	31	26
0	37	29	1	45	4	6	11	5	7
0	0	0	25	0	0	10	10	10	12
>MA0124.1 NKX3-1
13	0	20	0	1	1	19
1	1	0	19	0	0	0
3	0	0	0	0	0	1
3	19	0	1	19	19	0
>MA0125.1 Nobox
0	36	38	1	2	15	4	2
1	0	0	1	0	0	12	13
0	0	0	2	4	22	18	6
37	2	0	34	32	1	4	17
>MA0126.1 ovo
10	1	4	20	21	0	7	0	5
4	4	2	0	0	21	5	0	4
0	14	2	0	0	0	3	21	2
7	2	13	1	0	0	6	0	10
>MA0127.1 PEND
30	6	1	4	3	0	2	32	4	2
2	19	0	0	33	2	0	7	3	5
8	7	2	4	2	2	1	2	0	14
2	10	39	34	4	38	39	1	35	21
>MA0128.1 EmBP-1
9	1	13	0	0	0	0	0
0	7	0	12	0	0	1	1
0	4	0	0	13	0	12	12
4	1	0	1	0	13	0	0
>MA0129.1 TGA1A
4	13	0	2	1	0	13
4	0	14	0	0	15	0
0	1	0	13	0	0	1
7	1	1	0	14	0	1
>MA0130.1 ZNF354C
7	3	0	0	16	0
6	2	16	16	0	15
3	0	0	0	0	1
0	11	0	0	0	0
>MA0131.1 MIZF
2	13	20	2	0	0	0	0	0	2
6	1	0	17	0	1	19	18	0	13
5	0	0	1	19	0	0	2	19	1
7	6	0	0	1	19	1	0	1	4
>MA0132.1 Pdx1
1	0	31	31	0	1
19	0	0	0	0	1
5	0	0	0	1	10
6	31	0	0	30	19
>MA0133.1 BRCA1
15	4	41	36	7	19	3
11	35	1	2	29	14	22
10	2	1	4	6	7	15
7	2	0	1	1	3	3
>MA0135.1 Lhx3
9	16	19	0	0	19	20	2	0	16	9	2	2
0	2	0	0	0	0	0	2	1	1	0	8	9
3	2	0	0	0	0	0	0	0	0	3	0	3
8	0	1	20	20	1	0	16	19	3	8	10	6
>MA0136.1 ELF5
12	29	2	14	0	0	0	4	4
9	3	20	0	1	44	44	3	8
3	7	5	1	0	0	0	11	11
20	5	17	29	43	0	0	26	21
>MA0137.1 STAT1
5	2	11	15	14	8	1	0	15	15	15	0	1	4
1	0	0	0	1	3	6	0	0	0	0	14	3	2
9	13	4	0	0	3	2	15	0	0	0	1	0	7
0	0	0	0	0	1	6	0	0	0	0	0	11	2
>MA0138.1 REST
1	7	1	0	0	1	0	0	0	11	5	2	0	1	0	0	0	1	15
2	9	3	22	1	4	0	19	21	3	1	0	1	0	3	21	1	1	1
15	1	15	0	0	17	2	1	0	5	3	20	21	1	16	0	0	20	5
4	5	3	0	21	0	20	2	1	3	13	0	0	20	3	1	21	0	1
>MA0139.1 CTCF
87	167	281	56	8	744	40	107	851	5	333	54	12	56	104	372	82	117	402
291	145	49	800	903	13	528	433	11	0	3	12	0	8	733	13	482	322	181
76	414	449	21	0	65	334	48	32	903	566	504	890	775	5	507	307	73	266
459	187	134	36	2	91	11	324	18	3	9	341	8	71	67	17	37	396	59
>MA0140.1 Tal1::Gata1
400	261	131	265	669	701	664	713	734	996	527	1959	3	2928	16	2770	2382	547
1329	444	182	746	635	687	745	699	662	407	1172	31	7	7	26	6	51	550
618	520	1921	1228	775	903	938	891	862	940	901	37	2936	2	30	23	376	1601
595	1717	710	706	866	654	599	644	691	603	345	920	0	10	2873	144	134	242
>MA0141.1 Esrrb
1054	673	420	259	310	3326	3567	32	21	182	9	3458
800	829	1211	1250	2664	32	2	5	12	46	3376	20
985	1370	1209	448	627	248	60	3586	3602	244	170	129
793	767	805	1693	52	50	27	31	17	3175	85	27
>MA0142.1 Pou5f1
63	579	11	47	118	415	206	1235	17	10	14	1050	887	1200	198
846	58	50	12	363	18	365	30	5	16	1029	16	68	33	119
66	28	36	79	825	29	186	24	15	1239	129	30	315	75	207
389	701	1270	1231	63	907	612	80	1332	104	196	269	92	53	837
>MA0143.1 Sox2
27	20	327	2	14	38	85	64	408	26	27	32	426	366	485
444	453	7	10	1	83	4	194	124	39	77	422	41	67	60
89	22	4	7	6	529	9	77	38	26	444	84	36	157	61
107	174	331	650	648	19	570	333	96	575	117	127	161	74	58
>MA0144.1 Stat3
20	13	38	6	321	8	6	585	606	191
19	10	552	541	21	0	2	21	1	15
25	129	9	1	148	605	592	7	5	393
549	461	14	65	123	0	13	0	1	14
>MA0145.1 Tcfcp2l1 
8	285	2425	24	717	402	711	1461	2583	1612	15	252	2187	49
3763	3289	21	97	1374	1182	1624	920	285	210	3815	3316	30	118
255	22	1125	3945	105	254	618	1032	781	1269	224	12	1247	3886
40	477	508	13	1890	2248	1135	677	441	996	34	503	612	17
>MA0146.1 Zfx
50	60	91	72	10	6	30	191	9	0	1	0	0	84
177	170	151	49	297	362	125	154	2	3	480	480	2	122
179	172	199	298	144	2	182	121	469	477	0	0	0	219
70	75	37	60	30	111	144	15	1	1	0	1	479	56
>MA0147.1 Myc
67	34	8	217	0	19	9	0	0	45
96	53	219	4	212	2	44	2	17	107
36	130	0	5	3	204	0	216	183	24
28	10	0	1	12	2	174	9	27	51
>MA0148.1 FOXA1
13	108	1	5	6	476	6	291	45	378	90
2	7	7	7	3	12	807	106	368	9	125
2	770	5	24	78	368	5	5	69	24	466
875	8	882	860	809	40	79	495	414	482	211
>MA0149.1 EWSR1-FLI1
0	2	104	104	1	2	103	102	0	0	99	105	0	0	100	102	5	3
0	0	0	0	0	0	0	0	0	2	4	0	0	2	3	0	0	3
105	103	1	1	104	102	2	3	104	103	2	0	105	103	0	2	97	97
0	0	0	0	0	1	0	0	1	0	0	0	0	0	2	1	3	2
>MA0062.2 GABPA
32	70	0	0	991	989	94	56	154	264	233
768	914	0	0	1	2	32	261	137	262	357
188	4	990	991	1	0	866	37	603	415	224
1	1	1	0	0	2	0	637	96	49	176
>MA0035.2 Gata1
1423	708	2782	0	4000	27	3887	3550	799	1432	1487
560	1633	31	0	0	29	0	4	681	897	829
1242	1235	10	4000	0	109	6	383	2296	1360	1099
775	424	1177	0	0	3835	107	63	224	311	585
>MA0039.2 Klf4
1468	88	14	14	277	22	42	264	123	254
81	9	13	36	1922	15	80	46	130	2858
1022	4237	4304	4281	11	4273	2179	3902	3789	280
1765	6	13	16	2139	34	2042	125	289	932
>MA0138.2 REST
211	58	76	1452	34	122	1575	3	35	913	219	39	20	1406	13	1574	42	205	366	213	179
174	269	1366	30	44	978	7	1586	1481	201	375	7	5	112	1280	9	13	1007	31	933	1114
366	146	50	94	1516	323	12	12	20	162	124	1551	1577	34	233	7	1530	183	688	319	37
840	1124	105	26	10	182	12	5	70	329	886	7	2	51	74	10	9	198	507	125	260
>MA0002.2 RUNX1
287	234	123	57	0	87	0	17	10	131	500
496	485	1072	0	75	127	0	42	400	463	158
696	467	149	7	1872	70	1987	1848	251	81	289
521	814	656	1936	53	1716	13	93	1339	1325	1053
>MA0137.2 STAT1
208	859	251	10	8	106	23	528	696	53	1900	2030	954	336	417
1076	496	574	22	14	1921	1900	762	31	30	124	17	263	760	804
415	279	144	11	38	14	7	115	1292	1700	29	23	552	270	425
378	446	1112	2038	2023	44	155	680	66	302	32	15	315	714	431
>MA0104.2 Mycn
153	39	7	414	0	31	24	0	27	61
159	170	431	0	421	1	97	0	49	265
63	196	0	18	8	405	2	411	324	40
63	33	0	6	9	1	315	27	38	72
>MA0047.2 Foxa2
1	221	1	1	1	736	2	338	50	417	131	129
1	3	1	3	1	4	725	77	265	6	53	195
1	582	1	36	175	67	2	3	58	24	482	290
805	3	806	769	634	3	81	391	436	360	140	189
>MA0112.2 ESR1
122	107	64	83	134	308	36	19	33	4	398	58	63	64	32	21	305	10	59	26
120	80	173	229	232	28	8	18	41	394	13	250	276	258	19	22	106	436	353	165
154	164	149	65	47	89	387	420	91	53	27	107	53	97	8	426	31	12	2	22
71	117	82	93	57	48	43	18	310	24	37	60	83	56	416	6	33	17	61	262
>MA0065.2 PPARG::RXRA
94	101	390	100	139	145	71	819	522	713	82	41	22	54	676
317	166	23	3	15	129	547	21	48	5	2	9	99	555	58
320	127	368	671	674	395	179	15	270	137	767	693	263	144	47
126	464	79	87	34	193	66	8	23	9	12	120	479	109	81
>MA0150.1 NFE2L2
10	0	0	20	0	6	5	16	0	0	15
1	0	0	0	17	2	10	0	0	20	2
9	0	19	0	1	1	1	2	20	0	2
0	20	1	0	2	11	4	2	0	0	1
>MA0151.1 ARID3A
27	0	1	27	27	20
0	0	9	0	0	0
0	0	0	0	0	1
0	27	17	0	0	6
>MA0152.1 NFATC2
3	1	1	0	1	0	18
1	2	1	0	25	26	3
2	2	0	0	0	0	1
20	21	24	26	0	0	4
>MA0153.1 HNF1B
0	0	8	7	0	5	3	0	0	8	9	0
3	3	1	1	0	0	0	0	0	0	0	8
0	0	0	1	0	4	1	1	0	1	0	0
6	6	0	0	9	0	5	8	9	0	0	1
>MA0154.1 EBF1
11	0	1	2	11	16	0	2	0	21
9	22	16	20	9	1	0	0	0	0
2	0	1	0	0	5	25	23	25	4
3	3	7	3	5	3	0	0	0	0
>MA0155.1 INSM1
1	0	0	6	16	0	0	0	0	0	3	10
0	0	8	15	0	0	1	0	0	2	16	0
4	20	3	0	0	24	23	24	24	16	0	12
19	4	13	3	8	0	0	0	0	6	5	2
>MA0156.1 FEV
2	9	0	0	13	12	7	0
9	3	0	0	0	0	0	0
1	1	13	13	0	0	6	0
1	0	0	0	0	1	0	13
>MA0157.1 FOXO3
0	1	3	13	12	13	0	12
0	2	0	0	1	0	12	0
5	10	1	0	0	0	0	0
8	0	9	0	0	0	1	1
>MA0158.1 HOXA5
2	7	0	6	14	14	0	0
13	0	7	0	0	0	0	1
0	5	5	1	0	2	0	6
0	4	4	9	2	0	16	9
>MA0159.1 RXR::RAR_DR5
12	0	1	0	0	22	4	5	5	13	5	17	1	0	2	1	21
0	0	0	0	18	0	7	8	4	1	6	3	1	1	1	17	0
11	23	13	1	3	1	5	9	11	7	12	3	20	16	3	3	1
0	0	9	22	2	0	7	1	3	2	0	0	1	6	17	2	1
>MA0160.1 NR4A2
8	13	0	3	2	0	14	3
1	0	0	0	2	13	0	8
3	1	13	11	0	0	0	2
1	0	1	0	10	1	0	0
>MA0161.1 NFIC
358	81	81	91	1226	3298
1832	67	67	88	5364	981
176	300	6713	6643	160	1186
4546	6464	51	90	162	1447
>MA0162.1 Egr1
3	2	0	0	0	3	1	0	2	0	1
4	1	13	0	0	0	0	0	10	0	0
1	12	0	15	3	12	14	15	0	15	7
7	0	2	0	12	0	0	0	3	0	7
>MA0163.1 PLAG1
0	3	0	0	0	0	4	12	11	2	0	0	0	2
0	0	0	0	14	15	10	0	5	0	0	0	0	0
18	14	18	17	4	1	1	0	2	14	18	18	16	16
0	1	0	1	0	2	3	6	0	2	0	0	2	0
>MA0164.1 Nr2e3
4	23	23	0	0	0	0
12	0	0	1	23	0	0
2	0	0	22	0	0	0
5	0	0	0	0	23	23
>MA0080.2 SPI1
33	4	4	42	41	5	3
3	0	0	0	0	3	5
6	37	38	0	1	33	2
0	1	0	0	0	1	32
>MA0018.2 CREB1
0	0	11	0	1	0	2	8
1	1	0	9	0	3	7	0
1	10	0	2	10	0	1	1
9	0	0	0	0	8	1	2
>MA0099.2 AP1
0	0	16	5	3	0	16
1	0	2	12	0	15	0
0	15	0	1	1	3	1
17	3	0	0	14	0	1
>MA0079.2 SP1
0	0	0	4	2	0	1	0	6	3
32	30	35	27	5	28	31	24	25	26
1	1	0	0	15	1	0	3	0	3
2	4	0	4	13	6	3	8	4	3
>MA0102.2 CEBPA
3	1	4	2	4	2	18	18	0
0	1	1	9	2	15	0	0	6
0	4	6	2	10	0	0	0	2
15	12	7	5	2	1	0	0	10
>MA0165.1 Abd-B
1	0	5	21	0	3	13
0	0	0	0	3	0	0
0	0	0	0	0	11	5
20	21	16	0	18	7	3
>MA0166.1 Antp
1	0	16	16	0	0	15
1	0	0	0	0	0	0
0	0	0	0	0	9	1
14	16	0	0	16	7	0
>MA0167.1 Awh
3	1	33	40	0	0	34
16	0	0	0	0	0	0
0	0	7	0	1	8	4
21	39	0	0	39	32	2
>MA0168.1 B-H1
4	0	21	21	8	1	1
4	0	0	0	0	7	0
0	0	0	0	0	0	20
13	21	0	0	13	13	0
>MA0169.1 B-H2
6	0	21	21	5	3	0
2	0	0	0	0	1	0
1	0	0	0	0	2	21
12	21	0	0	16	15	0
>MA0170.1 C15
1	0	17	19	6	0	10
1	0	0	0	2	3	0
0	0	0	0	0	6	9
17	19	2	0	11	10	0
>MA0171.1 CG11085
0	0	13	13	1	2	1
3	0	0	0	0	1	0
0	0	0	0	0	2	12
10	13	0	0	12	8	0
>MA0172.1 CG11294
0	0	15	15	0	0	15
3	2	0	0	0	0	0
0	0	0	0	0	0	0
12	13	0	0	15	15	0
>MA0173.1 CG11617
1	0	10	17	0	17	0
0	0	0	0	17	0	0
0	0	3	0	0	0	0
16	17	4	0	0	0	1
>MA0174.1 CG42234
2	2	6	16	0	0	13
0	0	0	0	0	2	0
0	0	2	0	0	6	3
14	14	8	0	16	8	0
>MA0175.1 CG13424
2	0	21	21	0	3	8
7	0	0	0	0	0	0
1	0	0	0	0	4	13
11	21	0	0	21	14	0
>MA0176.1 CG15696
2	2	21	32	0	0	16
3	3	0	0	0	0	0
3	0	6	0	0	2	16
24	27	5	0	32	30	0
>MA0177.1 CG18599
4	0	25	25	0	0	23
10	0	0	0	0	1	0
1	0	0	0	0	8	2
10	25	0	0	25	16	0
>MA0178.1 CG32105
2	2	17	19	0	0	15
4	0	0	0	0	0	0
0	0	0	0	1	1	4
13	17	2	0	18	18	0
>MA0179.1 CG32532
2	0	23	23	0	0	12
6	0	0	0	0	0	0
2	0	0	0	0	2	10
13	23	0	0	23	21	1
>MA0180.1 Vsx2
1	2	0	13	13	0	0	10	1
1	2	0	0	0	0	0	0	2
5	0	0	0	0	0	0	3	10
6	9	13	0	0	13	13	0	0
>MA0181.1 Vsx1
1	0	22	22	0	2	15
8	0	0	0	0	0	0
1	0	0	0	0	3	6
12	22	0	0	22	17	1
>MA0182.1 CG4328
12	7	13	30	0	0	15
2	1	0	0	0	0	0
3	0	0	0	0	6	15
13	22	17	0	30	24	0
>MA0183.1 CG7056
7	0	0	21	26	0	7	22
3	7	6	0	0	3	0	0
2	0	7	2	0	3	1	4
14	19	13	3	0	20	18	0
>MA0184.1 CG9876
2	0	18	20	0	0	14
9	0	0	0	0	0	0
3	0	0	0	0	1	6
6	20	2	0	20	19	0
>MA0185.1 Deaf1
0	0	0	0	0	1
3	0	10	0	0	3
0	0	0	10	5	4
7	10	0	0	5	2
>MA0186.1 Dfd
1	0	24	24	0	1	21
4	0	0	0	0	0	0
3	0	0	0	0	19	3
16	24	0	0	24	4	0
>MA0187.1 Dll
1	22	23	0	3	10	1
0	0	0	0	0	0	12
0	1	0	0	3	9	4
22	0	0	23	17	4	6
>MA0188.1 Dr
1	0	21	21	0	0	21
13	16	0	0	0	0	0
6	0	0	0	0	0	0
1	5	0	0	21	21	0
>MA0189.1 E5
5	3	43	42	1	5	34
15	0	0	0	0	0	0
6	0	0	0	1	16	9
17	40	0	1	41	22	0
>MA0190.1 Gsc
0	22	22	0	0	0
0	0	0	0	22	14
0	0	0	0	0	2
22	0	0	22	0	6
>MA0191.1 HGTX
4	0	20	20	0	1	15
2	0	0	0	0	0	0
3	0	0	0	0	6	5
11	20	0	0	20	13	0
>MA0192.1 Hmx
1	0	20	20	1	0	4
3	0	0	0	0	3	0
0	0	0	0	0	0	16
16	20	0	0	19	17	0
>MA0193.1 Lag1
0	0	17	1	0	18	12
19	9	2	18	12	0	0
0	0	0	0	0	1	4
0	10	0	0	7	0	3
>MA0194.1 Lim1
0	0	18	18	0	0	17
2	0	0	0	0	0	0
0	0	0	0	0	0	1
16	18	0	0	18	18	0
>MA0195.1 Lim3
3	4	16	20	0	0	16
7	0	0	0	0	2	0
2	0	3	0	0	4	4
8	16	1	0	20	14	0
>MA0196.1 NK7.1
5	0	33	35	4	6	13
5	0	0	0	0	0	0
1	0	2	0	5	7	22
24	35	0	0	26	22	0
>MA0197.1 Oct
2	8	1	22	22	0	2	15
4	3	0	0	0	0	3	1
7	0	0	0	0	0	6	1
9	11	21	0	0	22	11	5
>MA0198.1 OdsH
0	0	22	22	0	0	13
11	0	0	0	0	0	0
4	0	0	0	0	0	8
7	22	0	0	22	22	1
>MA0199.1 Optix
0	0	27	0	26
5	0	0	0	0
0	27	0	0	1
22	0	0	27	0
>MA0200.1 Pph13
6	0	21	21	0	0	13
8	0	0	0	0	1	1
3	0	0	0	0	0	6
4	21	0	0	21	20	1
>MA0201.1 Ptx1
0	0	20	20	0	0	0
5	0	0	0	0	20	19
1	0	0	0	0	0	0
14	20	0	0	20	0	1
>MA0202.1 Rx
3	0	27	27	0	0	17
13	0	0	0	0	0	0
0	0	0	0	0	0	10
11	27	0	0	27	27	0
>MA0203.1 Scr
3	0	25	25	0	0	23
7	0	0	0	0	0	0
0	0	0	0	0	18	2
15	25	0	0	25	7	0
>MA0204.1 Six4
0	0	20	0	20	1
0	0	0	7	0	19
0	20	0	4	0	0
20	0	0	9	0	0
>MA0205.1 Trl
4	6	12	0	3	1	13	5	7	9
22	23	6	64	0	70	0	54	13	33
9	11	30	3	14	0	2	7	11	10
36	31	23	4	54	0	56	5	40	19
>MA0206.1 abd-A
1	0	16	18	1	0	15
3	0	0	0	0	0	1
0	0	0	0	0	6	2
14	18	2	0	17	12	0
>MA0207.1 achi
0	0	23	0	23	3
0	0	0	22	0	0
0	23	0	0	0	12
23	0	0	1	0	2
>MA0208.1 al
0	20	20	0	0	17	18
0	0	0	0	0	0	0
0	0	0	0	0	3	2
20	0	0	20	20	0	0
>MA0209.1 ap
2	1	19	19	0	0	16
10	0	0	0	0	0	0
0	0	0	0	0	6	3
7	18	0	0	19	13	0
>MA0210.1 ara
14	23	34	0	34
0	0	0	34	0
5	0	0	0	0
15	11	0	0	0
>MA0211.1 bap
0	0	23	23	0	1	7
0	0	0	0	0	0	0
1	0	0	0	23	0	16
22	23	0	0	0	22	0
>MA0212.1 bcd
0	20	22	0	0	0
0	0	0	0	22	21
0	0	0	1	0	0
22	2	0	21	0	1
>MA0213.1 brk
1	0	0	0	0	1	1	0
5	4	0	0	10	0	8	5
4	0	10	10	0	9	0	1
0	6	0	0	0	0	1	4
>MA0214.1 bsh
1	0	16	16	0	0	7
3	0	0	0	1	3	0
2	0	0	0	0	6	9
10	16	0	0	15	7	0
>MA0215.1 btn
5	0	22	23	0	0	19
1	0	0	0	1	0	0
4	0	1	0	0	15	3
13	23	0	0	22	8	1
>MA0216.1 cad
3	1	8	37	3	3	18
2	0	0	0	0	0	0
3	0	2	1	0	9	19
30	37	28	0	35	26	1
>MA0217.1 caup
4	14	19	0	19
1	0	0	19	0
2	2	0	0	0
12	3	0	0	0
>MA0218.1 ct
0	1	9	20	17	0
6	2	0	0	0	19
0	0	11	0	1	1
14	17	0	0	2	0
>MA0219.1 ems
3	3	19	19	0	0	14
7	0	0	0	0	1	0
1	0	0	1	0	10	6
9	17	1	0	20	9	0
>MA0220.1 en
2	0	23	23	0	0	13
8	0	0	0	0	0	0
2	0	0	0	0	2	10
11	23	0	0	23	21	0
>MA0221.1 eve
3	1	22	22	0	0	17
10	0	0	0	2	2	0
0	0	0	0	1	11	4
9	21	0	0	19	9	1
>MA0222.1 exd
4	1	0	0	0	17	0	11
4	0	0	0	0	0	12	0
4	2	0	0	17	0	0	6
5	14	17	17	0	0	5	0
>MA0224.1 exex
0	0	23	23	0	1	20
7	0	0	0	0	1	0
10	0	0	0	0	0	3
6	23	0	0	23	21	0
>MA0225.1 ftz
1	1	18	18	0	0	14
2	0	0	0	0	0	0
0	0	0	0	0	9	4
15	17	0	0	18	9	0
>MA0226.1 hbn
2	0	17	17	0	0	9
2	0	0	0	0	0	0
2	0	0	0	0	0	7
11	17	0	0	17	17	1
>MA0227.1 hth
0	0	17	0	14	0
0	0	0	17	0	0
0	17	0	0	3	8
17	0	0	0	0	4
>MA0228.1 ind
0	0	21	21	0	0	19
12	0	0	0	0	0	0
0	0	0	0	1	8	2
9	21	0	0	20	13	0
>MA0229.1 inv
4	1	0	16	16	0	0	11
0	9	0	0	0	0	0	0
3	0	0	0	0	0	0	5
9	6	16	0	0	16	16	0
>MA0230.1 lab
1	0	16	16	1	0	16
3	0	0	0	0	0	0
0	0	0	0	0	6	0
12	16	0	0	15	10	0
>MA0231.1 lbe
0	22	22	1	4	19
0	0	0	10	5	0
0	0	0	2	3	3
22	0	0	9	10	0
>MA0232.1 lbl
0	23	23	0	1	17
0	0	0	5	3	0
0	0	0	0	7	6
23	0	0	18	12	0
>MA0233.1 mirr
20	29	41	0	41
1	0	0	41	0
1	2	0	0	0
19	10	0	0	0
>MA0234.1 oc
0	19	19	0	0	0
0	0	0	0	19	17
0	0	0	2	0	1
19	0	0	17	0	1
>MA0235.1 onecut
1	0	0	15	0	0	5
2	0	0	0	0	0	0
0	0	15	0	0	0	4
12	15	0	0	15	15	6
>MA0236.1 otp
1	0	20	20	0	0	15
6	1	0	0	0	1	0
2	0	0	0	0	4	3
11	19	0	0	20	15	2
>MA0237.1 pan
4	2	2	2	0	17	8	7
10	3	0	0	2	0	0	11
3	0	1	0	20	5	0	3
8	20	22	23	3	3	17	4
>MA0238.1 pb
4	0	24	24	0	0	24
9	0	0	0	0	0	0
0	0	0	0	0	11	0
11	24	0	0	24	13	0
>MA0239.1 prd
10	1	4	20	21	0	7	0	5
4	4	2	0	0	21	5	0	4
0	14	2	0	0	0	3	21	2
7	2	13	1	0	0	6	0	10
>MA0240.1 repo
1	1	27	28	0	0	21
4	0	0	0	0	0	0
4	0	0	0	0	0	7
19	27	1	0	28	28	0
>MA0241.1 ro
1	0	23	23	0	0	19
12	0	0	0	0	0	0
3	0	0	0	0	3	4
7	23	0	0	23	20	0
>MA0242.1 run::Bgb
12	27	28	0	0	5	0	28	20
2	0	0	29	28	1	29	0	0
0	1	1	0	1	23	0	0	9
15	1	0	0	0	0	0	1	0
>MA0243.1 sd
3	8	4	14	1	3	0	3	4	5	5	4
0	1	8	0	1	0	8	5	1	6	1	3
8	1	1	0	0	1	0	3	2	3	7	4
3	4	1	0	12	10	6	3	7	0	1	3
>MA0244.1 slbo
9	0	0	3	2	7	6	11
1	1	0	2	10	2	5	1
1	0	3	7	0	2	1	0
1	11	9	0	0	1	0	0
>MA0245.1 slou
3	0	22	21	0	2	11
5	1	0	0	0	1	0
1	0	0	1	0	5	11
13	21	0	0	22	14	0
>MA0246.1 so
0	0	27	0	27	0
0	0	0	0	0	10
1	27	0	1	0	0
26	0	0	26	0	3
>MA0247.1 tin
0	1	0	16	16	0	0	3
9	0	11	0	0	0	0	0
3	0	1	0	0	16	0	13
4	15	4	0	0	0	16	0
>MA0248.1 tup
4	1	16	16	0	1	2
2	0	0	0	0	0	0
1	0	0	0	2	7	13
9	15	0	0	14	8	1
>MA0249.1 twi
1	3	1	0	11	0	7	0	0	1	1	2
4	7	3	14	3	4	1	0	0	0	2	3
3	3	10	1	1	1	5	0	12	2	2	8
7	2	1	0	0	10	2	15	3	12	10	2
>MA0250.1 unc-4
1	0	21	21	0	1	6
5	0	0	0	0	0	1
2	0	0	0	0	0	14
13	21	0	0	21	20	0
>MA0251.1 unpg
1	1	21	21	0	0	14
6	0	0	0	0	0	0
4	0	0	0	0	2	7
10	20	0	0	21	19	0
>MA0252.1 vis
0	0	22	0	22	2
0	0	0	22	0	4
0	22	0	0	0	8
22	0	0	0	0	2
>MA0253.1 vnd
4	1	0	0	19	19	0	2	9
0	8	0	15	0	0	0	0	0
2	1	0	2	0	0	19	0	10
13	9	19	2	0	0	0	17	0
>MA0254.1 vvl
0	11	2	0	3	11
2	0	2	0	8	0
0	0	0	6	0	0
9	0	7	5	0	0
>MA0255.1 z
11	1	1	41	1	8	2	18	10	14
3	7	0	0	0	10	6	7	5	6
5	3	40	0	40	0	29	11	12	2
22	30	0	0	0	23	4	5	14	19
>MA0256.1 zen
2	0	16	16	0	0	16
9	0	0	0	0	0	0
0	0	0	0	0	11	0
5	16	0	0	16	5	0
>MA0257.1 zen2
3	1	26	26	0	0	22
7	0	0	0	1	0	0
5	0	0	0	0	10	4
11	25	0	0	25	16	0
>MA0094.2 Ubx
3	0	0	17	20	0	0	14
5	0	0	0	0	0	0	0
3	0	0	0	0	0	6	6
9	20	20	3	0	20	14	0
>MA0258.1 ESR2
78	158	186	27	18	13	0	337	49	64	52	21	63	178	34	46	27	60
161	51	15	0	20	19	357	1	123	63	61	33	25	99	268	289	90	94
63	41	154	275	319	33	0	0	113	149	147	24	265	19	2	0	0	136
55	107	2	55	0	292	0	19	72	81	97	279	4	61	53	22	240	67
>MA0259.1 HIF1A::ARNT
27	10	78	0	0	0	0	18
28	29	2	103	0	0	0	51
49	34	23	0	104	0	104	20
0	31	1	1	0	104	0	15
>MA0260.1 che-1
0	37	37	19	0	0
0	0	0	0	37	26
37	0	0	18	0	11
0	0	0	0	0	0
>MA0261.1 lin-14
0	159	159	0	84	6
0	0	0	159	7	84
159	0	0	0	56	29
0	0	0	0	12	39
>MA0262.1 mab-3
76	86	0	0	0	0	0	0	13	62	50	29	8
3	0	1	0	0	0	0	100	19	0	0	13	8
13	0	0	100	0	0	100	0	67	11	6	22	10
8	14	99	0	100	100	0	0	1	27	44	36	74
>MA0263.1 ttx-3::ceh-10
28	0	1	9	0	2	3	1	14	4	0	0	24	15
0	0	0	0	0	16	5	5	15	3	0	2	1	0
1	1	0	20	28	1	1	0	0	22	0	0	0	9
0	28	28	0	1	10	20	23	0	0	29	27	4	5
>MA0264.1 ceh-22
33	8	0	93	1	0	0	7	95	46	51
15	71	89	1	97	0	16	27	0	29	20
31	19	0	0	0	0	0	63	0	20	15
19	0	9	5	0	99	83	1	4	3	12
>MA0265.1 ABF1
11	0	0	0	41	22	39	34	40	41	12	0	92	0	37	34
41	99	0	0	17	24	16	18	21	0	25	0	8	45	22	18
4	0	99	0	22	26	28	20	24	57	9	81	0	9	18	14
44	1	0	99	20	28	17	28	15	0	55	19	0	46	23	34
>MA0266.1 ABF2
18	9	0	0	100	0	95
39	9	100	0	0	0	2
25	2	0	0	0	100	2
18	80	0	100	0	0	2
>MA0267.1 ACE2
45	1	0	90	0	0	49
28	92	100	10	0	100	20
21	6	0	0	100	0	17
5	1	0	0	0	0	14
>MA0268.1 ADR1
41	0	0	0	0	64	34
24	100	85	100	100	6	51
13	0	0	0	0	20	6
22	0	15	0	0	10	9
>MA0269.1 AFT1
106	155	362	179	426	136	716	145	34	160	10	961	8	25	19	181	265	287	276	123	154
205	249	197	396	231	78	25	31	47	10	966	9	972	955	740	257	252	155	180	225	236
231	220	221	222	154	142	31	288	39	812	11	15	9	2	13	494	241	183	68	357	458
456	374	218	200	187	641	226	535	878	16	10	14	10	16	225	65	240	373	474	292	150
>MA0270.1 AFT2
8	70	0	100	0	0	0	9
45	0	100	0	100	100	100	42
27	30	0	0	0	0	0	27
20	0	0	0	0	0	0	21
>MA0271.1 ARG80
89	0	161	0	44	0
0	0	0	301	0	256
0	301	0	0	79	0
69	0	0	0	69	20
>MA0272.1 ARG81
59	6	20	169	0	1	0	59
12	0	0	0	271	0	279	59
83	4	239	0	0	0	0	4
44	154	0	0	1	164	0	64
>MA0273.1 ARO80
102	330	126	407	390	310	83	40	5	5	1	1	15	670	690	105	269	353	257	236	278
155	193	232	253	193	198	154	744	231	987	22	5	359	4	68	222	119	210	217	103	252
531	301	317	203	229	135	336	30	8	1	975	990	295	6	60	372	193	205	178	349	170
210	174	323	136	186	355	426	185	753	5	1	2	329	318	181	299	418	230	347	310	298
>MA0274.1 ARR1
160	24	30	0	73	129	137	11
0	75	70	0	0	41	0	0
0	29	0	0	161	12	29	24
0	73	87	161	0	0	3	129
>MA0275.1 ASG1
0	0	0	0	72	53
76	100	0	0	11	0
0	0	100	100	16	0
24	0	0	0	0	47
>MA0276.1 ASH1
0	0	61	58	130	0	33	80	0	0
220	291	21	54	0	11	150	0	8	0
8	0	133	101	54	8	8	92	249	256
35	3	10	12	0	147	35	26	19	18
>MA0277.1 AZF1
63	100	100	88	75	0	78	81	63
13	0	0	13	0	0	16	6	13
13	0	0	0	25	100	3	6	13
13	0	0	0	0	0	3	6	13
>MA0278.1 BAS1
64	104	484	78	455	248	98	52	348	12	966	26	9	47	892	487	288	373	178	402	435
217	552	111	401	51	34	724	918	346	3	5	6	10	930	42	123	140	110	367	140	229
425	150	114	186	370	670	143	7	280	977	23	962	4	7	16	320	317	81	184	341	241
292	192	288	333	122	46	33	20	24	6	4	4	975	15	49	68	254	434	268	114	94
>MA0279.1 CAD1
2056	97	0	1889	602	0	1947	2154	0	0
100	0	0	98	213	0	206	0	0	2088
98	0	0	0	1464	0	0	0	1416	0
0	2095	2154	172	0	2154	0	0	798	97
>MA0280.1 CAT8
0	0	0	0	66	32
100	100	0	0	13	18
0	0	100	100	21	28
0	0	0	0	0	22
>MA0281.1 CBF1
19	3	100	0	0	0	0	72
8	92	0	100	0	0	0	17
53	3	0	0	100	0	100	6
19	3	0	0	0	100	0	6
>MA0282.1 CEP3
4	0	0	0	0	91	92	42
56	0	100	0	0	1	3	21
4	0	0	100	100	1	3	21
36	100	0	0	0	7	3	16
>MA0283.1 CHA4
22	0	0	0	0	71	22	48
5	0	100	0	0	0	1	10
68	100	0	100	100	28	76	10
5	0	0	0	0	0	1	31
>MA0284.1 CIN5
0	13	100	11	20	0	91	100	2	15
0	7	0	54	16	0	9	0	14	70
9	23	0	5	57	0	0	0	38	8
91	56	0	31	7	100	0	0	47	7
>MA0285.1 CRZ1
20	28	37	63	0	0	0	42	7
48	22	30	36	0	100	99	30	76
18	17	22	1	100	0	0	7	8
14	32	11	1	0	0	0	21	8
>MA0286.1 CST6
47	1	1	100	0	5	0	45	46
11	1	1	0	100	0	0	28	14
32	1	91	0	0	95	0	8	20
11	96	7	0	0	0	100	18	20
>MA0287.1 CUP2
0	9	0	2	6	4	9	9	7	4	2
7	0	0	7	0	1	0	0	0	0	0
0	0	9	0	3	4	0	0	2	0	7
2	0	0	0	0	0	0	0	0	5	0
>MA0288.1 CUP9
7	0	84	1	91	0	75	40	39
10	0	0	99	0	64	15	0	13
3	100	9	0	9	9	0	0	3
79	0	7	0	0	27	10	60	45
>MA0289.1 DAL80
11	0	100	0	100	90	3
67	0	0	0	0	1	19
6	100	0	0	0	1	75
17	0	0	100	0	7	3
>MA0290.1 DAL81
203	203	203	203	0	0	0	0	0	0	0	0	0	0	0	0	203	0	0
0	0	0	0	0	203	203	0	203	0	0	0	203	0	0	0	0	0	0
0	0	0	0	203	0	0	203	0	203	203	203	0	203	203	203	0	0	0
0	0	0	0	0	0	0	0	0	0	0	0	0	0	0	0	0	203	203
>MA0291.1 DAL82
56	53	39	26	0	0	0	0	11
14	11	3	11	26	0	100	0	68
14	5	3	42	0	100	0	100	11
14	32	55	21	74	0	0	0	11
>MA0292.1 ECM22
28	14	0	0	0	0	93
36	7	100	100	14	0	0
7	7	0	0	86	86	7
28	71	0	0	0	14	0
>MA0293.1 ECM23
31	33	72	10	100	3	1	14	30	32	30
25	25	11	2	0	0	90	19	23	25	26
23	22	10	86	0	0	3	14	21	25	22
21	20	7	2	0	97	7	53	26	19	21
>MA0294.1 EDS1
14	0	0	100	76	48	100	82	15
52	0	0	0	0	24	0	1	20
14	100	100	0	0	10	0	1	11
19	0	0	0	24	19	0	15	54
>MA0295.1 FHL1
0	100	0	0	0	90	48	55
10	0	100	0	100	0	28	15
90	0	0	100	0	0	18	15
0	0	0	0	0	10	8	15
>MA0296.1 FKH1
177	247	520	526	365	119	146	7	959	977	990	1	990	874	671	248	374	284	205	421
287	192	84	76	73	146	4	3	37	11	1	925	1	39	49	191	158	184	116	192
207	334	98	129	150	133	847	0	0	1	2	1	3	16	70	407	296	330	452	248
326	225	297	267	411	600	1	987	1	9	5	71	4	69	208	152	170	200	225	137
>MA0297.1 FKH2
13	0	100	100	100	0	100
0	0	0	0	0	100	0
88	0	0	0	0	0	0
0	100	0	0	0	0	0
>MA0298.1 FZF1
0	0	1	0	0	1
1	0	0	0	1	0
0	0	0	0	0	0
0	1	0	1	0	0
>MA0299.1 GAL4
0	0	0	778	292	1019	2339	567	1913	659	96	1170	0	235	0
2779	0	438	655	1137	810	0	1296	335	592	767	517	1437	392	2779
0	2779	2273	927	1151	1002	538	810	0	1744	494	1105	729	419	0
0	0	97	717	498	390	98	194	737	204	1786	404	824	2001	0
>MA0300.1 GAT1
13	17	0	100	0	100	100	3
44	42	0	0	0	0	0	9
19	5	100	0	0	0	0	84
25	36	0	0	100	0	0	3
>MA0301.1 GAT3
65	8	92	12	3	6	51	28	32
9	2	0	0	94	27	19	33	25
20	88	0	1	1	4	18	21	21
6	1	8	87	2	63	12	17	21
>MA0302.1 GAT4
36	31	80	3	98	0	0	5	40	28	33
21	26	4	0	0	0	99	28	20	26	24
24	18	12	96	0	0	0	3	23	23	21
20	26	4	0	2	99	0	64	17	22	21
>MA0303.1 GCN4
218	371	362	282	275	169	535	11	2	968	2	13	57	973	15	376	207	284	226	254	337
295	217	213	119	177	140	35	8	5	13	433	4	934	6	413	290	354	216	234	329	169
245	268	150	325	316	365	413	6	934	4	562	13	5	8	35	131	194	202	177	232	195
240	142	273	272	230	325	15	973	57	13	1	968	2	11	535	202	244	296	361	183	297
>MA0304.1 GCR1
719	0	0	2460	2157	9	553	0
31	142	22	0	10	13	1703	1932
77	2318	2438	0	0	2326	0	15
1822	0	0	0	294	121	240	651
>MA0305.1 GCR2
33	0	11	0	0	0	61
33	279	0	0	260	269	52
149	0	1	0	0	1	6
16	0	152	169	8	0	64
>MA0306.1 GIS1
41	0	0	0	0	0	49	46	32
22	97	100	100	87	0	4	11	19
12	0	0	0	0	0	15	16	18
25	3	0	0	13	100	32	27	30
>MA0307.1 GLN3
0	100	0	74	61
0	0	0	0	0
100	0	0	0	27
0	0	100	26	12
>MA0308.1 GSM1
322	160	219	461	349	342	566	849	400	3	4	3	0	0	136	708	289	164	373	225	322
207	172	289	124	201	144	22	9	164	916	177	985	972	30	4	60	183	172	101	168	212
190	229	168	184	233	281	17	20	182	10	38	1	25	967	849	197	438	205	232	299	195
279	438	322	229	216	231	393	120	252	69	778	9	0	1	9	32	87	458	292	306	268
>MA0309.1 GZF3
18	0	100	0	100	73	4	39
39	0	0	0	0	9	38	18
2	100	0	0	0	0	59	27
41	0	0	100	0	18	0	16
>MA0310.1 HAC1
24	68	0	100	0	0	0	27
6	32	100	0	100	0	0	18
56	0	0	0	0	100	0	41
15	0	0	0	0	0	100	14
>MA0311.1 HAL9
0	0	0	99	62
99	0	0	0	0
0	99	99	0	37
0	0	0	0	0
>MA0312.1 HAP1
0	0	0	89	5	51	4	57
100	0	0	0	26	4	4	11
0	100	100	11	53	4	4	11
0	0	0	0	16	41	88	21
>MA0313.1 HAP2
0	0	22	0	675
0	0	0	0	1619
0	40	3922	3932	131
3939	3897	0	7	1847
>MA0314.1 HAP3
0	370	0	98	2737	0	0	0	0	0	97	809	1458	1087	1582
516	2074	461	897	0	0	0	0	0	1480	1169	1175	265	266	602
537	298	0	1473	0	0	0	2737	2737	0	405	1038	918	1351	296
1779	326	2379	484	0	2737	2737	0	0	1549	1258	98	339	339	665
>MA0315.1 HAP4
75	0	6	166	168	0	9	152	66	66	38	43	35	35	75
32	264	260	0	0	16	182	0	22	50	55	57	86	63	47
58	3	0	0	0	0	31	10	109	55	66	63	54	82	43
31	1	0	0	0	158	23	4	16	31	49	45	40	37	31
>MA0316.1 HAP5
641	200	113	826	1817	127	98	0	537	4156	0	0	387	361	0
935	1914	1513	1137	1451	637	3199	700	1308	0	0	0	0	497	1730
1033	2108	2485	2155	440	1273	677	0	1904	0	0	234	3788	3123	0
1789	97	433	453	1002	2389	624	3713	793	0	4156	3922	0	262	2808
>MA0317.1 HCM1
51	27	67	95	100	1	95	57
16	8	32	5	0	86	2	17
25	4	1	0	0	0	2	11
8	61	1	0	0	13	2	14
>MA0318.1 HMRA2
6	54	4	0	0	93	88	40
67	0	0	0	0	0	2	8
6	46	0	100	0	0	2	8
21	0	96	0	100	7	9	44
>MA0319.1 HSF1
69	2	19	0	100	100	6	48
13	2	0	0	0	0	56	11
13	2	81	100	0	0	19	23
6	95	0	0	0	0	19	17
>MA0320.1 IME1
0	0	0	0	0	0	161	16
301	232	0	301	189	0	0	0
0	61	301	0	75	301	0	266
0	0	0	0	15	0	0	0
>MA0321.1 INO2
18	0	155	0	7	8	0	141	134
29	275	7	25	0	0	34	16	2
198	0	0	0	258	11	241	23	5
4	0	4	150	0	147	0	0	24
>MA0322.1 INO4
29	0	138	0	10	0	17	146	142
46	236	14	0	0	0	0	7	7
162	0	0	0	256	0	241	23	26
5	19	17	168	0	167	0	0	0
>MA0323.1 IXR1
161	121	68	28	59	59	28	121	121	0	0	28	6	0	0
0	0	0	228	187	0	0	0	0	0	301	0	0	0	0
0	0	112	0	0	187	169	71	0	301	0	244	285	112	244
0	37	28	6	0	0	37	0	37	0	0	0	0	99	28
>MA0324.1 LEU3
0	0	0	20	26	47	0	0	0	0
100	100	0	0	34	12	61	100	0	32
0	0	56	35	0	16	39	0	100	68
0	0	43	45	41	25	0	0	0	0
>MA0325.1 LYS14
21	4	0	0	100	100	6	13
49	82	0	0	0	0	0	13
21	10	100	100	0	0	0	7
10	4	0	0	0	0	94	68
>MA0326.1 MAC1
108	89	0	115	0	0	0	958
0	0	0	0	1714	0	1714	0
0	219	0	1599	0	0	0	655
1632	1451	1714	0	0	1714	0	113
>MA0327.1 MATA1
101	0	203	0	203	203	0
0	203	0	203	0	0	0
101	0	0	0	0	0	0
0	0	0	0	0	0	203
>MA0328.1 MATALPHA2
0	9	0	0	0	10	9	4	0
10	0	0	0	0	0	1	0	0
0	2	0	11	0	0	0	0	0
1	0	11	0	11	1	1	7	11
>MA0329.1 MBP1
55	0	15	0	0	35	33
10	100	0	88	2	17	30
18	0	85	0	98	9	18
17	0	0	12	0	39	18
>MA0330.1 MBP1::SWI6
15153	82	45	31	59	726	365
0	21942	182	19078	182	1491	9107
405	101	21983	188	21982	1506	882
6881	179	23	3065	21	18880	13437
>MA0331.1 MCM1
1692	97	3002	6037	7789	936	1175	6619	612	117	10592	12477
11356	12733	5897	2220	195	237	3860	1176	32	134	966	399
405	0	3023	3432	642	0	542	5947	13102	13351	319	350
368	971	4309	3681	5363	12586	9116	1957	0	16	2201	475
>MA0332.1 MET28
0	0	0	0	0	0
203	0	0	0	0	0
0	0	203	0	203	203
0	203	0	203	0	0
>MA0333.1 MET31
38	20	14	0	0	0	0	0	10
10	28	14	0	0	0	0	100	0
38	30	18	100	0	100	100	0	69
15	20	55	0	100	0	0	0	20
>MA0334.1 MET32
34	11	0	0	93	0	64
46	5	99	100	3	99	15
10	77	0	0	0	0	12
10	7	0	0	3	1	9
>MA0335.1 MET4
161	106	0	0	0	0	0	0
0	47	199	0	0	0	0	0
0	48	0	0	301	0	301	301
0	0	51	161	0	161	0	0
>MA0336.1 MGA1
384	305	240	367	252	116	787	192	701	5	990	990	12	844	68	203	301	291	441	440	342
91	124	268	171	280	204	3	110	197	2	2	2	815	39	505	180	353	268	70	168	295
206	376	318	306	194	230	198	166	98	989	3	2	15	82	70	195	84	97	229	105	216
317	194	172	154	273	448	11	531	2	2	2	5	156	32	355	419	260	342	257	285	144
>MA0337.1 MIG1
32	1	0	0	0	46	5
35	97	100	100	100	3	57
15	1	0	0	0	50	30
18	1	0	0	0	1	7
>MA0338.1 MIG2
1	0	0	0	36	5	36
96	100	100	100	11	77	24
2	0	0	0	52	13	24
1	0	0	0	1	6	15
>MA0339.1 MIG3
1	0	0	0	41	5	41
98	94	100	100	2	69	22
1	0	0	0	55	17	23
1	6	0	0	1	9	14
>MA0340.1 MOT3
67	203	0	0	0	203
67	0	0	0	101	0
0	0	203	203	0	0
67	0	0	0	101	0
>MA0341.1 MSN2
60	0	0	0	0
7	0	0	0	0
32	100	100	100	100
0	0	0	0	0
>MA0342.1 MSN4
83	0	0	0	0
0	0	0	0	0
16	99	99	99	99
0	0	0	0	1
>MA0343.1 NDT80
289	197	169	215	201	99	188	444	12	940	18	965	970	945	713	496	123	127	314	360	477
282	276	213	403	430	114	20	483	948	7	967	4	5	3	24	178	630	329	330	177	192
118	160	172	140	176	495	675	41	4	45	6	9	15	14	236	82	95	440	277	230	174
309	364	443	239	191	290	116	30	34	6	6	20	8	37	24	241	149	102	78	231	154
>MA0344.1 NHP10
20	8	0	0	0	0	0	68
10	78	100	0	0	0	0	8
60	8	0	100	100	100	100	18
10	8	0	0	0	0	0	8
>MA0345.1 NHP6A
306	242	236	380	285	104	339	491	114	903	126	847	57	746	650	377	375	416	286	313	329
279	217	153	212	333	516	130	250	24	10	29	16	42	16	30	136	138	111	154	147	289
214	83	311	151	99	49	71	64	6	26	8	43	28	20	153	137	138	172	124	314	96
200	456	298	255	281	329	458	193	855	58	835	92	871	216	166	348	346	299	434	224	284
>MA0346.1 NHP6B
182	217	135	376	195	154	393	578	169	807	92	749	279	510	461	372	465	202	287	287
304	225	108	208	316	317	69	89	65	32	67	16	51	26	96	106	84	160	120	257
99	216	107	77	111	143	26	51	16	67	32	65	89	69	121	111	336	302	339	252
414	341	647	336	376	384	510	279	749	92	807	169	578	393	320	409	113	334	252	202
>MA0347.1 NRG1
181	243	293	259	419	213	455	960	2	2	11	71	4	3	503	245	124	224	206	325
404	225	250	239	112	255	488	3	1	1	0	11	928	820	87	202	303	67	400	171
143	199	278	262	269	92	9	36	991	993	986	2	2	3	39	239	269	548	228	233
271	332	177	238	198	439	46	0	4	2	1	915	63	173	369	311	302	159	163	269
>MA0348.1 OAF1
11	0	0	0	56	7	68	14	56
32	100	0	0	0	0	4	7	14
11	0	100	100	43	86	4	7	14
46	0	0	0	0	7	25	71	14
>MA0349.1 OPI1
34	0	166	169	0	0	59
109	0	2	0	268	273	58
42	279	0	0	0	0	88
34	0	0	0	0	0	12
>MA0350.1 TOD6
362	144	101	239	369	212	649	67	20	2	2	975	1	0	52	135	181	232	187	306	201
188	213	261	327	116	366	50	396	784	29	991	0	1	978	19	655	300	282	280	213	150
218	369	370	206	235	133	96	436	193	46	2	1	18	1	869	186	383	109	111	172	320
230	273	266	226	278	288	203	98	1	921	3	21	978	18	57	22	135	376	421	308	327
>MA0351.1 DOT6
278	194	156	131	239	141	516	79	29	6	1	972	1	0	36	223	280	188	163	153	185
135	250	332	249	85	480	59	420	770	52	990	0	0	968	9	575	265	298	435	371	149
231	266	223	268	400	145	138	392	197	83	4	1	27	1	876	177	252	72	208	183	202
354	289	287	351	273	232	285	107	3	858	2	25	969	28	78	22	202	441	192	290	462
>MA0352.1 PDR1
8	0	0	13	2	8	10	62
28	100	100	0	88	2	3	8
15	0	0	87	8	88	83	22
48	0	0	0	2	2	3	8
>MA0353.1 PDR3
0	0	0	0	0	0	0	203
0	203	203	0	203	0	0	0
0	0	0	203	0	203	203	0
203	0	0	0	0	0	0	0
>MA0354.1 PDR8
38	0	0	0	100	8	100	13
15	100	0	0	0	8	0	6
38	0	100	100	0	85	0	6
8	0	0	0	0	0	0	75
>MA0355.1 PHD1
36	9	37	0	0	0	91	8	22	32
27	43	44	10	0	99	1	22	42	28
19	39	15	0	99	0	7	36	22	21
18	8	3	89	0	1	1	34	14	19
>MA0356.1 PHO2
52	12	100	56	23	63
0	0	0	0	0	0
8	0	0	0	0	0
41	88	0	44	77	37
>MA0357.1 PHO4
94	97	967	0	85	2	1	4
393	900	1	911	1	28	0	507
507	0	28	1	911	1	900	393
4	1	2	85	0	967	97	94
>MA0358.1 PUT3
9	2	0	0	0	0	52	46
72	90	100	0	0	0	15	13
9	2	0	100	100	100	19	17
9	6	0	0	0	0	15	25
>MA0359.1 RAP1
18	98	1	1	1	71	17	72	1	86
69	0	75	97	90	0	11	0	98	13
12	0	0	1	0	27	8	14	0	0
1	1	23	1	9	2	65	14	1	1
>MA0360.1 RDR1
25	0	0	0	0	100	86	27
11	0	100	0	0	0	0	48
11	100	0	100	100	0	0	13
54	0	0	0	0	0	14	13
>MA0361.1 RDS1
1	0	0	0	0	0	32
91	11	0	84	95	11	32
1	89	100	16	5	89	32
7	0	0	0	0	0	5
>MA0362.1 RDS2
34	0	0	0	0	12	17
39	0	100	0	0	1	7
18	0	0	100	100	86	70
8	100	0	0	0	1	7
>MA0363.1 REB1
30	0	0	100	0	0	0	0	15
10	0	0	0	100	100	100	0	15
50	0	0	0	0	0	0	60	55
10	100	100	0	0	0	0	40	15
>MA0364.1 REI1
0	5	0	0	0	0	56
95	95	100	100	0	0	8
0	0	0	0	0	95	23
5	0	0	0	100	5	13
>MA0365.1 RFX1
12	0	0	0	31	0	2	88
27	0	0	0	0	100	48	4
42	100	0	0	69	0	2	4
19	0	100	100	0	0	48	4
>MA0366.1 RGM1
100	0	0	0	11
0	0	0	0	12
0	100	100	100	77
0	0	0	0	0
>MA0367.1 RGT1
42	34	37	22	27	30	0	0	0	4	32
13	10	0	2	15	18	12	100	100	0	13
23	34	0	0	17	4	0	0	0	89	33
22	22	63	77	41	48	88	0	0	8	22
>MA0368.1 RIM101
9	0	0	0	100	100	0
43	0	100	100	0	0	0
9	100	0	0	0	0	100
39	0	0	0	0	0	0
>MA0369.1 RLM1
10	14	11	0	0	0	42	16	22	23	32	0	42	0	27	4	7	10
10	2	0	0	42	0	0	0	0	0	0	0	0	0	14	15	16	13
10	16	1	5	0	0	0	0	0	0	0	0	0	42	0	2	3	10
8	10	30	37	0	42	0	26	20	19	10	42	0	0	1	20	16	7
>MA0370.1 RME1
0	16	16	160	119	139	27	34	92	126
52	96	100	0	0	29	0	0	39	0
0	33	49	0	27	0	244	229	35	19
131	69	58	0	22	2	0	0	22	18
>MA0371.1 ROX1
0	0	2	7	0	0	0	0	0	0	1	0
4	6	4	1	0	0	0	0	0	5	0	5
0	0	0	0	0	1	8	0	0	1	1	2
4	2	2	0	8	7	0	8	8	2	6	1
>MA0372.1 RPH1
53	0	0	0	0	0	63	74
14	100	100	100	100	0	1	7
14	0	0	0	0	0	7	7
19	0	0	0	0	100	28	13
>MA0373.1 RPN4
23	0	0	0	0	0	13
0	0	0	0	0	100	0
67	100	12	100	100	0	87
9	0	88	0	0	0	0
>MA0374.1 RSC3
0	0	0	0	6	19	23
91	0	99	0	55	30	26
5	99	0	99	18	37	34
4	0	0	0	20	14	18
>MA0375.1 RSC30
19	15	0	0	0	0	0	0
50	38	92	8	92	0	85	31
19	46	8	92	8	100	15	69
12	0	0	0	0	0	0	0
>MA0376.1 RTG3
393	220	357	164	156	534	34	19	905	5	28	7	7	275	152	111	398	275	323	249
145	147	322	176	121	113	27	953	5	949	16	81	19	662	332	270	122	257	165	396
330	267	207	295	250	203	662	19	81	16	949	5	953	27	156	187	276	296	33	108
130	364	112	363	472	148	275	7	7	28	5	905	19	34	358	430	202	171	477	245
>MA0377.1 SFL1
272	368	281	382	314	368	727	127	506	18	956	959	22	616	596	535	256	492	431	369	409
183	262	244	256	98	221	30	178	261	10	16	9	47	129	134	221	156	96	67	123	121
130	124	332	117	349	198	124	108	226	960	5	21	806	218	36	48	146	217	99	146	72
414	244	141	244	237	212	118	586	6	10	21	9	123	36	232	194	440	193	401	360	395
>MA0378.1 SFP1
427	202	289	250	353	533	782	898	904	855	541	86	35	18	73	126	82	327	115	217	216
159	293	174	217	77	42	73	36	9	14	34	42	50	46	71	405	354	201	428	83	169
161	194	192	293	297	342	71	46	50	42	16	14	9	36	73	91	103	165	154	374	405
250	309	343	238	271	82	73	18	35	86	408	855	904	898	782	376	459	306	301	324	208
>MA0379.1 SIG1
93	0	99	0	99
2	0	0	0	0
0	0	0	0	0
5	99	0	99	0
>MA0380.1 SIP4
8	0	0	0	0	23	57
48	27	99	100	0	0	16
13	0	0	0	100	63	25
32	73	1	0	0	14	0
>MA0381.1 SKN7
0	0	0	0	49	21
0	0	100	84	15	18
100	100	0	16	37	28
0	0	0	0	0	32
>MA0382.1 SKO1
957	0	100	0	957	592	0	0
0	957	0	0	0	0	0	0
0	0	897	0	0	0	0	957
0	0	0	957	0	364	957	0
>MA0383.1 SMP1
111	189	569	85	179	130	408	97	750	865	97	77	634	495	637	197	174	525	156	249	336
244	188	97	554	623	147	128	234	125	18	18	46	33	41	85	262	275	104	290	381	172
235	265	137	158	47	85	112	33	46	18	18	125	234	60	147	146	271	101	455	201	229
409	356	196	201	149	637	350	634	77	97	865	750	97	402	130	393	279	269	97	168	261
>MA0384.1 SNT2
0	0	1405	0	3120	7	0	0	8	168	944
89	0	269	0	0	0	3136	0	3072	2969	231
313	3136	1721	0	35	3130	0	3136	75	0	1666
2817	0	0	3136	0	0	0	0	0	0	589
>MA0385.1 SOK2
50	15	41	4	4	4	97	5	17	28	30
19	49	47	1	1	91	1	5	21	32	23
16	18	9	4	94	1	1	50	52	22	23
16	18	3	91	1	4	1	40	10	18	23
>MA0386.1 TBP
277	337	253	160	545	115	287	332	907	12	981	38	970	44	883	186	264	137	266	350	248
250	191	345	200	139	98	198	110	7	7	2	1	2	4	10	62	122	380	228	176	193
386	147	88	154	154	701	266	27	25	23	4	5	6	3	24	94	129	369	384	172	270
84	323	313	484	160	84	247	529	59	955	12	954	20	947	81	657	483	112	121	301	286
>MA0387.1 SPT2
97	66	0	4	130	120	83	0	161	122
0	44	0	0	0	23	66	0	0	0
3	12	0	0	54	46	60	105	0	69
57	58	161	152	0	0	2	102	0	0
>MA0388.1 SPT23
95	160	143	134	1	0	108	157
0	0	0	0	36	138	37	0
119	0	22	0	0	67	18	6
0	0	2	23	135	46	16	0
>MA0389.1 SRD1
66	6	97	13	0	4	46	24
9	2	0	0	99	19	30	42
19	90	0	2	0	3	13	18
6	2	3	85	0	74	11	16
>MA0390.1 STB3
98	166	182	194	507	547	776	499	99	53	10	13	0	3	965	150	129	166	308	233	226
168	173	415	379	59	120	35	27	11	5	4	0	64	990	7	587	120	326	253	170	182
546	202	57	107	189	151	71	33	2	1	2	15	20	2	25	84	137	200	125	315	296
185	457	343	318	243	181	116	440	886	939	982	970	915	4	2	177	613	306	312	280	293
>MA0391.1 STB4
9	0	0	0	0	100	75
43	0	100	0	0	0	1
9	0	0	100	100	0	1
39	100	0	0	0	0	23
>MA0392.1 STB5
0	0	0	23	23	19	6	96
99	0	0	19	23	25	12	1
0	99	99	26	47	12	6	1
0	0	0	32	8	45	76	1
>MA0393.1 STE12
0	4297	27122	25290	27887	98	15301
3261	0	0	167	0	27779	3002
96	24137	1278	2703	0	0	9387
25022	198	0	0	0	97	2275
>MA0394.1 STP1
4	49	0	0	12	0	4	4
82	0	279	0	0	279	0	94
33	192	0	266	255	0	119	70
87	0	0	4	0	0	87	57
>MA0395.1 STP2
180	288	438	276	126	238	113	34	2	0	1	8	14	618	86	218	326	231	158	342
258	242	193	209	405	111	11	647	5	849	866	13	520	12	433	312	240	427	237	265
175	293	211	176	143	567	829	5	987	148	128	948	4	338	139	359	205	161	344	122
385	174	157	336	325	81	45	312	4	1	3	29	460	30	341	109	227	179	259	268
>MA0396.1 STP3
25	18	0	100	0	0	0	0	45
9	42	0	0	0	100	0	64	17
48	21	0	0	100	0	100	18	19
18	19	100	0	0	0	0	18	20
>MA0397.1 STP4
19	40	0	100	0	0	0	0	54
11	28	0	0	0	100	0	73	15
56	24	0	0	100	0	100	17	16
15	7	100	0	0	0	0	10	15
>MA0398.1 SUM1
50	52	62	100	0	8	24	28	15
14	8	2	0	0	0	0	5	15
14	8	2	0	0	0	0	5	11
22	32	34	0	100	92	76	61	59
>MA0399.1 SUT1
23	48	0	8	0	49	44
142	5	266	61	46	35	14
36	185	0	188	226	151	170
29	0	0	1	0	0	4
>MA0400.1 SUT2
333	225	269	354	248	522	940	971	0	1	2	1	2	789	523	375	338	279	163	281
232	206	218	200	216	85	6	0	709	16	992	984	1	16	80	252	214	204	253	136
112	264	277	100	153	287	12	11	287	0	1	12	993	168	257	154	168	209	252	244
321	303	233	345	381	104	40	16	2	981	2	1	2	24	137	217	279	306	330	338
>MA0401.1 SWI4
62	0	15	0	0	100	94	62
8	100	0	100	0	0	2	8
15	0	85	0	100	0	2	8
15	0	0	0	0	0	2	23
>MA0402.1 SWI5
8	0	0	0	0	0	4	25
8	0	100	0	0	0	4	25
23	100	0	0	100	100	27	10
62	0	0	100	0	0	65	40
>MA0403.1 TBF1
61	46	15	0	0	0	75	38
11	11	84	100	100	1	8	19
12	35	1	0	0	0	11	27
16	8	1	0	0	99	5	17
>MA0404.1 TBS1
12	3	2	75	20	0	0	8
78	3	2	8	13	100	100	8
5	90	95	8	13	0	0	75
5	3	2	8	53	0	0	8
>MA0405.1 TEA1
5	0	0	0	50	0	60	15
5	100	0	40	0	80	0	20
75	0	100	60	50	20	10	5
15	0	0	0	0	0	30	60
>MA0406.1 TEC1
52	0	100	5	0	0	0	10
7	95	0	0	0	91	68	47
34	5	0	0	0	9	0	15
7	0	0	95	100	0	32	28
>MA0407.1 THI2
103	0	680	1265	1265	0	0	71	438	921	1265	0	1265	813	129
0	0	573	0	0	1024	543	599	0	0	0	0	0	0	1068
1162	1265	0	0	0	0	0	571	0	0	0	1265	0	451	89
0	0	61	0	0	241	805	90	826	344	0	0	0	0	0
>MA0408.1 TOS8
28	1	0	0	0	100	64	50
47	16	0	0	100	0	7	15
20	1	100	0	0	0	7	15
5	82	0	100	0	0	22	19
>MA0409.1 TYE7
3	100	0	0	0	0	78
93	0	100	10	0	0	8
3	0	0	90	0	100	8
3	0	0	0	100	0	8
>MA0410.1 UGA3
10	4	0	0	0	0	2	85
44	28	0	100	0	0	27	2
27	63	100	0	100	100	69	2
19	4	0	0	0	0	2	10
>MA0411.1 UPC2
16	59	38	100	0	1	83
25	3	0	0	100	0	5
19	28	0	0	0	99	9
40	9	62	0	0	0	4
>MA0412.1 UME6
2	0	2	0	0	0	0	0	1	18	10	7	2
0	10	0	0	18	0	0	17	0	0	1	2	0
0	5	16	18	0	18	18	0	0	0	0	1	1
16	3	0	0	0	0	0	1	17	0	7	8	15
>MA0413.1 USV1
269	306	342	131	133	318	1	0	3	1	0	0	956	850	174	233	212	181	205	219
223	182	168	193	55	551	967	977	993	981	6	2	0	92	257	235	191	185	100	297
250	216	206	146	157	101	26	0	1	0	3	869	36	21	162	93	197	321	265	365
255	294	283	528	652	28	3	20	1	16	989	126	5	35	405	438	399	311	428	116
>MA0414.1 XBP1
12	0	0	0	100	40	31
51	0	100	0	0	8	22
7	0	0	100	0	50	31
31	100	0	0	0	3	15
>MA0415.1 YAP1
297	143	148	240	212	397	5	8	976	1	60	10	971	981	35	320	182	247	248	199
261	225	128	121	210	528	3	13	3	900	36	9	6	8	28	332	273	308	254	195
211	313	305	201	327	50	8	6	9	36	900	3	13	3	516	228	154	204	309	177
230	318	418	436	249	23	981	971	10	60	1	976	8	5	418	118	390	239	187	426
>MA0416.1 YAP3
65	0	0	100	0	0	2	50
19	0	0	0	100	0	2	12
12	0	0	0	0	100	2	19
4	100	100	0	0	0	94	19
>MA0417.1 YAP5
122	124	86	0	161	19
0	0	0	264	0	0
0	67	136	0	0	0
34	0	0	17	0	137
>MA0418.1 YAP6
174	228	134	114	252	43	491	27	25	889	38	172	67	647	829	162	228	337	430	166
297	141	92	434	231	114	412	23	21	32	555	48	85	193	62	76	474	85	127	439
371	587	332	109	72	646	36	56	112	49	103	722	37	64	72	481	142	428	302	243
156	41	440	342	444	195	58	892	840	28	302	56	809	95	34	278	155	148	139	150
>MA0419.1 YAP7
7195	195	0	10172	1260	0	7781	10507	98	2246	6606
2582	0	0	98	1168	97	2526	0	0	7759	1126
195	0	2132	97	8333	0	198	0	6311	509	2313
869	10410	8375	172	0	10436	0	0	4323	394	1229
>MA0420.1 YBR239C
51	6	0	0	0	100	100	4
10	47	100	0	0	0	0	63
22	6	0	100	100	0	0	4
16	41	0	0	0	0	0	28
>MA0421.1 YDR026C
174	0	0	1832	0	0	118	0	49	779
0	0	103	0	1832	1832	1739	0	0	841
274	40	0	0	0	0	0	1832	1784	117
1457	1817	1784	0	0	0	0	0	0	291
>MA0422.1 YDR520C
25	0	0	0	74	23	56	14	94	36
38	100	0	0	9	17	0	0	6	17
11	0	100	100	17	46	0	0	0	15
27	0	0	0	0	14	43	85	0	32
>MA0423.1 YER130C
35	0	0	0	0	0	60	21	32
28	97	91	100	100	0	0	0	28
23	1	0	0	0	0	8	4	5
13	2	9	0	0	100	32	75	34
>MA0424.1 YER184C
28	2	0	0	0	0	69	46
37	17	77	100	0	0	31	15
6	10	15	0	100	100	0	23
28	71	8	0	0	0	0	15
>MA0425.1 YGR067C
36	0	0	0	1	41	0	27	23	24	25	25	22	26
24	100	99	100	99	0	98	26	26	26	24	22	26	24
27	0	0	0	0	31	1	17	20	20	25	26	26	26
14	0	1	0	0	28	1	31	31	30	26	27	26	25
>MA0426.1 YHP1
0	203	203	0	0	0
0	0	0	0	0	0
0	0	0	0	0	203
203	0	0	203	203	0
>MA0427.1 YJL103C
39	26	15	12	2	0	0	5	57	26	35
21	25	43	30	94	99	7	1	7	17	26
19	27	17	10	2	0	92	93	26	46	18
21	22	25	48	2	0	0	1	9	11	21
>MA0428.1 YKL222C
48	69	0	0	0	92	52	65	10
23	10	100	0	0	0	2	6	10
15	19	0	100	100	8	44	6	10
15	2	0	0	0	0	2	23	69
>MA0429.1 YLL054C
0	0	0	21	9	13	56
100	0	0	64	66	5	14
0	100	100	14	16	77	7
0	0	0	0	9	5	21
>MA0430.1 YLR278C
13	0	0	0	96	4	23	27
42	100	0	0	0	14	2	5
13	0	100	100	4	82	5	5
31	0	0	0	0	0	70	63
>MA0431.1 YML081W
32	0	0	0	0	30	0	44	19
24	100	100	100	100	0	100	16	35
23	0	0	0	0	36	0	3	15
21	0	0	0	0	34	0	38	31
>MA0432.1 YNR063W
8	0	0	0	100	10	90	33
8	100	0	0	0	0	0	3
18	0	100	100	0	80	0	3
68	0	0	0	0	10	10	63
>MA0433.1 YOX1
1	0	100	100	0	0	62	54
25	0	0	0	0	0	3	13
7	0	0	0	0	0	15	13
66	100	0	0	100	100	21	19
>MA0434.1 YPR013C
11	0	9	63	40	100	0	0	36
36	0	26	26	0	0	0	100	30
11	100	0	0	60	0	0	0	17
41	0	65	11	0	0	100	0	17
>MA0435.1 YPR015C
75	158	382	376	274	552	16	4	2	983	884	986	5	4	326	86	258	450	281	333
242	204	170	240	50	169	747	4	16	7	1	2	2	983	575	221	190	110	396	330
144	341	173	137	462	240	17	988	3	3	109	4	2	1	55	77	196	173	62	68
537	295	274	245	212	37	218	2	978	5	4	6	989	9	43	613	354	266	260	266
>MA0436.1 YPR022C
15	0	0	0	100	0	23
66	100	100	100	0	100	26
0	0	0	0	0	0	34
20	0	0	0	0	0	18
>MA0437.1 YPR196W
61	32	17	24	17	12	0	0	3
0	0	0	4	44	32	93	100	0
26	0	0	2	11	7	7	0	93
13	68	83	69	28	49	0	0	5
>MA0438.1 YRM1
51	2	0	0	100	60	93	12
15	94	0	0	0	12	1	8
23	2	100	100	0	16	1	4
11	2	0	0	0	12	5	76
>MA0439.1 YRR1
21	16	22	89	19	28	4	0	0	3	6
42	16	8	1	9	33	22	100	100	0	41
22	10	4	2	4	8	7	0	0	95	14
15	57	66	8	68	32	68	0	0	2	39
>MA0440.1 ZAP1
169	0	0	0	0	107	169	119	0	0	0	21	119	9	46
0	279	279	97	0	77	0	17	0	0	0	97	0	17	0
0	0	0	0	0	17	0	57	279	279	0	37	57	0	198
0	0	0	107	169	0	0	0	0	0	169	58	9	145	0
>MA0441.1 ZMS1
15	31	0	0	0	0	19	5	50
15	11	100	100	100	100	4	85	10
15	11	0	0	0	0	54	5	10
55	46	0	0	0	0	24	5	30
>MA0442.1 SOX10
0	8	0	0	0	0
19	2	1	0	3	0
0	2	4	0	19	1
3	10	17	22	0	21
>MA0443.1 btd
14	10	4	2	0	0	2	0	0	15
3	0	0	0	0	0	28	0	0	1
7	20	18	28	30	30	0	30	20	10
6	0	8	0	0	0	0	0	10	4
>MA0444.1 CG34031
0	0	22	25	2	7	3
1	0	0	0	0	0	0
1	0	0	0	0	1	22
23	25	3	0	23	17	0
>MA00445.1 D
1	0	0	20	0	0	2	0	1	4	6
8	25	17	0	0	0	0	0	2	10	1
7	0	0	0	0	3	27	0	4	6	1
13	4	12	9	29	26	0	29	22	9	21
>MA0446.1 fkh
3	5	0	0	0	13	4	6	0	23	15
0	0	0	0	0	0	13	7	11	0	4
0	22	0	0	1	14	2	3	2	1	4
24	0	27	27	26	0	8	11	14	3	4
>MA0447.1 gt
28	0	1	54	0	7	0	55	60	2
5	0	1	0	53	0	6	3	0	25
25	0	3	6	0	53	0	1	0	5
2	60	55	0	7	0	54	1	0	28
>MA0448.1 H2.0
6	2	16	31	0	8	24
3	1	1	0	0	0	0
4	0	1	0	0	9	7
19	29	14	1	32	15	1
>MA0449.1 h
1	3	1	22	1	2	1	1	7	1
2	7	31	1	30	1	10	1	17	30
30	17	1	10	1	30	1	31	7	2
1	7	1	1	2	1	22	1	3	1
>MA0450.1 hkb
3	8	0	0	0	0	0	0	24
0	0	0	0	32	0	0	0	3
18	24	32	32	0	32	3	31	2
11	0	0	0	0	0	29	1	3
>MA0451.1 kni
19	25	16	5	0	21	0	17	1	0	25	5
1	1	0	9	4	0	0	0	3	26	0	12
2	0	0	6	1	5	26	8	18	0	1	7
4	0	10	6	21	0	0	1	4	0	0	2
>MA0452.1 Kr
3	11	24	30	18	0	2	2	0	4	20
17	4	0	0	6	0	0	0	1	0	4
5	10	7	0	7	31	29	29	7	5	3
6	6	0	1	0	0	0	0	23	22	4
>MA0453.1 nub
2	29	0	0	0	24	28	28	4	6	19	4
1	0	0	0	19	0	0	0	1	5	5	3
1	0	0	25	1	0	1	0	0	8	1	15
25	0	29	4	9	5	0	1	24	10	4	7
>MA0454.1 odd
7	10	0	12	0	0	15	0	0	11	5
5	5	14	0	0	0	0	0	15	3	4
0	0	1	3	15	0	0	15	0	1	6
3	0	0	0	0	15	0	0	0	0	0
>MA0456.1 opa
0	10	1	1	0	0	0	0	4	0	3	2
1	7	16	15	16	18	18	14	0	14	1	0
15	1	0	1	1	0	0	0	13	2	4	16
2	0	1	1	1	0	0	4	1	2	10	0
>MA0457.1 PHDP
4	0	16	17	0	1	8
6	0	0	0	0	0	1
0	0	0	0	0	1	4
7	17	1	0	17	15	4
>MA0458.1 slp1
8	0	3	0	0	0	27	1	17	4	15
3	0	0	0	0	0	0	22	8	13	3
14	0	38	0	1	2	4	7	15	3	4
16	41	0	41	40	39	10	11	1	21	19
>MA0459.1 tll
20	29	33	31	0	0	0	33	31	17
4	0	0	1	0	2	33	0	0	10
4	4	0	1	33	0	0	0	1	2
5	0	0	0	0	31	0	0	1	4
>MA0460.1 ttk
10	22	0	0	22	0	21	22	1
8	0	0	0	0	5	0	0	5
3	0	22	22	0	0	0	0	3
1	0	0	0	0	17	1	0	13
>MA0445.1 D
1	0	0	20	0	0	2	0	1	4	6
8	25	17	0	0	0	0	0	2	10	1
7	0	0	0	0	3	27	0	4	6	1
13	4	12	9	29	26	0	29	22	9	21
>MA0141.2 Esrrb
1055	673	403	260	312	3347	3590	33	12	180	9	3478
801	832	1212	1230	2653	32	2	2	11	43	3394	21
984	1352	1212	449	630	248	60	3597	3622	243	167	128
773	767	807	1702	51	27	6	29	16	3192	85	26
>MA0143.2 Sox2
27	20	329	2	14	36	85	63	407	26	26	31	426	367	485
446	454	6	10	0	83	4	195	125	37	77	423	42	67	60
89	22	3	6	6	531	8	76	38	26	445	84	37	156	59
107	173	331	651	649	19	571	334	96	577	117	127	159	74	58
>MA0145.2 Tcfcp2l1
8	285	2437	24	710	402	707	1462	2585	1612	16	253	2199	49
3768	3304	21	98	1380	1183	1630	922	286	212	3811	3324	30	118
255	22	1117	3949	103	253	616	1026	780	1263	223	12	1232	3881
40	465	507	12	1890	2246	1134	681	441	1003	34	491	612	17
>MA0146.2 Zfx
50	59	91	72	10	6	30	191	8	0	0	0	0	84
178	170	151	49	297	361	124	153	2	3	481	480	1	122
179	173	199	297	144	2	183	122	470	477	0	0	0	218
70	75	37	61	30	112	144	15	1	1	0	1	480	56
>MA0148.2 FOXA1
13	108	1	4	6	478	4	289	42	379	89
1	7	7	7	3	12	808	106	369	7	125
2	772	4	24	77	368	5	5	69	24	467
876	7	885	862	811	38	79	496	414	482	211
